Zone1,Surface
Simulations,01/2008,02/2008,03/2008,04/2008,05/2008,06/2008,07/2008,08/2008,09/2008,10/2008,11/2008,12/2008,01/2009,02/2009,03/2009,04/2009,05/2009,06/2009,07/2009,08/2009,09/2009,10/2009,11/2009,12/2009,01/2010,02/2010,03/2010,04/2010,05/2010,06/2010,07/2010,08/2010,09/2010,10/2010,11/2010,12/2010,01/2011,02/2011,03/2011,04/2011,05/2011,06/2011,07/2011,08/2011,09/2011,10/2011,11/2011,12/2011,01/2012,02/2012,03/2012,04/2012,05/2012,06/2012,07/2012,08/2012,09/2012,10/2012,11/2012,12/2012,01/2013,02/2013,03/2013,04/2013,05/2013,06/2013,07/2013,08/2013,09/2013,10/2013,11/2013,12/2013,01/2014,02/2014,03/2014,04/2014,05/2014,06/2014,07/2014,08/2014,09/2014,10/2014,11/2014,12/2014,01/2015,02/2015,03/2015,04/2015,05/2015,06/2015,07/2015,08/2015,09/2015,10/2015,11/2015,12/2015,01/2016,02/2016,03/2016,04/2016,05/2016,06/2016,07/2016,08/2016,09/2016,10/2016,11/2016,12/2016,01/2017,02/2017,03/2017,04/2017,05/2017,06/2017,07/2017,08/2017,09/2017,10/2017,11/2017,12/2017,01/2018,02/2018,03/2018,04/2018,
SCERM44_2015_2016_ALL,,,,,,,,,,,,,,,,,,,,,,,,,,,,,,,,,,,,,,,,,,,,,,,,,,,,,,,,,,,,,,,,,,,,,,,,,,,,,,,,,,,,,,,,6.3055,6.7905,6.9684,7.9544,8.4724,7.8203,6.2118,4.8318,5.5604,5.9680,5.5027,6.5047,6.1349,,,,,,,,,,,,,,,,,,,,,,,,,
SCERM44_2015_2016_Capped_ALL,,,,,,,,,,,,,,,,,,,,,,,,,,,,,,,,,,,,,,,,,,,,,,,,,,,,,,,,,,,,,,,,,,,,,,,,,,,,,,,,,,,,,,,,6.3059,6.7914,6.9690,7.9545,8.4726,7.8205,6.2124,4.8327,5.5607,5.9696,5.5025,6.5049,6.1352,,,,,,,,,,,,,,,,,,,,,,,,,
SCERM44_2015_2016_Dry_ALL,,,,,,,,,,,,,,,,,,,,,,,,,,,,,,,,,,,,,,,,,,,,,,,,,,,,,,,,,,,,,,,,,,,,,,,,,,,,,,,,,,,,,,,,6.4048,6.9879,6.9959,7.2259,8.1897,7.2579,6.2720,5.3531,5.9891,6.1592,6.0834,7.4321,6.3631,,,,,,,,,,,,,,,,,,,,,,,,,
SCERM44_2015_2016_Target_ALL,,,,,,,,,,,,,,,,,,,,,,,,,,,,,,,,,,,,,,,,,,,,,,,,,,,,,,,,,,,,,,,,,,,,,,,,,,,,,,,,,,,,,,,,6.3061,6.7913,6.9675,7.9551,8.4724,7.8204,6.2124,4.8324,5.5606,5.9689,5.5034,6.5060,6.1349,,,,,,,,,,,,,,,,,,,,,,,,,
SCERM44_2017_2018_ALL,,,,,,,,,,,,,,,,,,,,,,,,,,,,,,,,,,,,,,,,,,,,,,,,,,,,,,,,,,,,,,,,,,,,,,,,,,,,,,,,,,,,,,,,,,,,,,,,,,,,,,,,,,,,,,,,6.1063,6.1190,7.2729,8.0124,8.7617,8.8576,7.7985,6.4523,5.7886,5.8830,6.1466,6.5355,6.7215,
SCERM44_2017_2018_Wet_ALL,,,,,,,,,,,,,,,,,,,,,,,,,,,,,,,,,,,,,,,,,,,,,,,,,,,,,,,,,,,,,,,,,,,,,,,,,,,,,,,,,,,,,,,,,,,,,,,,,,,,,,,,,,,,,,,,6.2328,6.0604,7.1671,8.2431,8.7361,8.7741,7.6708,6.2705,5.8249,6.1335,6.1834,6.8007,6.8357,
SCERM8_2015_2016_ALL,,,,,,,,,,,,,,,,,,,,,,,,,,,,,,,,,,,,,,,,,,,,,,,,,,,,,,,,,,,,,,,,,,,,,,,,,,,,,,,,,,,,,,,,3.8109,5.9637,6.9290,8.0019,8.4894,7.8765,6.4115,5.1605,5.7320,5.6199,5.5032,6.1835,6.2154,,,,,,,,,,,,,,,,,,,,,,,,,
SCERM8_2017_2018_ALL,,,,,,,,,,,,,,,,,,,,,,,,,,,,,,,,,,,,,,,,,,,,,,,,,,,,,,,,,,,,,,,,,,,,,,,,,,,,,,,,,,,,,,,,,,,,,,,,,,,,,,,,,,,,,,,,6.2096,6.2412,7.3054,8.1238,8.7686,8.8347,7.8084,6.5641,6.0377,5.8548,6.1748,6.5536,6.8990,


Zone1,Bottom
Simulations,01/2008,02/2008,03/2008,04/2008,05/2008,06/2008,07/2008,08/2008,09/2008,10/2008,11/2008,12/2008,01/2009,02/2009,03/2009,04/2009,05/2009,06/2009,07/2009,08/2009,09/2009,10/2009,11/2009,12/2009,01/2010,02/2010,03/2010,04/2010,05/2010,06/2010,07/2010,08/2010,09/2010,10/2010,11/2010,12/2010,01/2011,02/2011,03/2011,04/2011,05/2011,06/2011,07/2011,08/2011,09/2011,10/2011,11/2011,12/2011,01/2012,02/2012,03/2012,04/2012,05/2012,06/2012,07/2012,08/2012,09/2012,10/2012,11/2012,12/2012,01/2013,02/2013,03/2013,04/2013,05/2013,06/2013,07/2013,08/2013,09/2013,10/2013,11/2013,12/2013,01/2014,02/2014,03/2014,04/2014,05/2014,06/2014,07/2014,08/2014,09/2014,10/2014,11/2014,12/2014,01/2015,02/2015,03/2015,04/2015,05/2015,06/2015,07/2015,08/2015,09/2015,10/2015,11/2015,12/2015,01/2016,02/2016,03/2016,04/2016,05/2016,06/2016,07/2016,08/2016,09/2016,10/2016,11/2016,12/2016,01/2017,02/2017,03/2017,04/2017,05/2017,06/2017,07/2017,08/2017,09/2017,10/2017,11/2017,12/2017,01/2018,02/2018,03/2018,04/2018,
SCERM44_2015_2016_ALL,,,,,,,,,,,,,,,,,,,,,,,,,,,,,,,,,,,,,,,,,,,,,,,,,,,,,,,,,,,,,,,,,,,,,,,,,,,,,,,,,,,,,,,,6.3037,6.7884,6.9673,7.9552,8.4735,7.8224,6.2123,4.8313,5.5601,5.9653,5.5014,6.5021,6.1355,,,,,,,,,,,,,,,,,,,,,,,,,
SCERM44_2015_2016_Capped_ALL,,,,,,,,,,,,,,,,,,,,,,,,,,,,,,,,,,,,,,,,,,,,,,,,,,,,,,,,,,,,,,,,,,,,,,,,,,,,,,,,,,,,,,,,6.3041,6.7893,6.9679,7.9553,8.4738,7.8225,6.2130,4.8322,5.5604,5.9668,5.5013,6.5023,6.1357,,,,,,,,,,,,,,,,,,,,,,,,,
SCERM44_2015_2016_Dry_ALL,,,,,,,,,,,,,,,,,,,,,,,,,,,,,,,,,,,,,,,,,,,,,,,,,,,,,,,,,,,,,,,,,,,,,,,,,,,,,,,,,,,,,,,,6.4024,6.9856,6.9926,7.2234,8.1899,7.2583,6.2686,5.3510,5.9886,6.1552,6.0768,7.4288,6.3629,,,,,,,,,,,,,,,,,,,,,,,,,
SCERM44_2015_2016_Target_ALL,,,,,,,,,,,,,,,,,,,,,,,,,,,,,,,,,,,,,,,,,,,,,,,,,,,,,,,,,,,,,,,,,,,,,,,,,,,,,,,,,,,,,,,,6.3043,6.7892,6.9664,7.9559,8.4735,7.8224,6.2129,4.8319,5.5603,5.9661,5.5022,6.5034,6.1355,,,,,,,,,,,,,,,,,,,,,,,,,
SCERM44_2017_2018_ALL,,,,,,,,,,,,,,,,,,,,,,,,,,,,,,,,,,,,,,,,,,,,,,,,,,,,,,,,,,,,,,,,,,,,,,,,,,,,,,,,,,,,,,,,,,,,,,,,,,,,,,,,,,,,,,,,6.1051,6.1181,7.2725,8.0144,8.7635,8.8588,7.7984,6.4519,5.7881,5.8817,6.1453,6.5348,6.7214,
SCERM44_2017_2018_Wet_ALL,,,,,,,,,,,,,,,,,,,,,,,,,,,,,,,,,,,,,,,,,,,,,,,,,,,,,,,,,,,,,,,,,,,,,,,,,,,,,,,,,,,,,,,,,,,,,,,,,,,,,,,,,,,,,,,,6.2288,6.0563,7.1662,8.2462,8.7383,8.7741,7.6712,6.2697,5.8238,6.1321,6.1822,6.7987,6.8356,
SCERM8_2015_2016_ALL,,,,,,,,,,,,,,,,,,,,,,,,,,,,,,,,,,,,,,,,,,,,,,,,,,,,,,,,,,,,,,,,,,,,,,,,,,,,,,,,,,,,,,,,3.8072,5.9625,6.9283,8.0015,8.4908,7.8775,6.4111,5.1600,5.7316,5.6189,5.5019,6.1817,6.2158,,,,,,,,,,,,,,,,,,,,,,,,,
SCERM8_2017_2018_ALL,,,,,,,,,,,,,,,,,,,,,,,,,,,,,,,,,,,,,,,,,,,,,,,,,,,,,,,,,,,,,,,,,,,,,,,,,,,,,,,,,,,,,,,,,,,,,,,,,,,,,,,,,,,,,,,,6.2086,6.2404,7.3049,8.1241,8.7713,8.8370,7.8083,6.5635,6.0372,5.8545,6.1738,6.5530,6.8989,




Zone2,Surface
Simulations,01/2008,02/2008,03/2008,04/2008,05/2008,06/2008,07/2008,08/2008,09/2008,10/2008,11/2008,12/2008,01/2009,02/2009,03/2009,04/2009,05/2009,06/2009,07/2009,08/2009,09/2009,10/2009,11/2009,12/2009,01/2010,02/2010,03/2010,04/2010,05/2010,06/2010,07/2010,08/2010,09/2010,10/2010,11/2010,12/2010,01/2011,02/2011,03/2011,04/2011,05/2011,06/2011,07/2011,08/2011,09/2011,10/2011,11/2011,12/2011,01/2012,02/2012,03/2012,04/2012,05/2012,06/2012,07/2012,08/2012,09/2012,10/2012,11/2012,12/2012,01/2013,02/2013,03/2013,04/2013,05/2013,06/2013,07/2013,08/2013,09/2013,10/2013,11/2013,12/2013,01/2014,02/2014,03/2014,04/2014,05/2014,06/2014,07/2014,08/2014,09/2014,10/2014,11/2014,12/2014,01/2015,02/2015,03/2015,04/2015,05/2015,06/2015,07/2015,08/2015,09/2015,10/2015,11/2015,12/2015,01/2016,02/2016,03/2016,04/2016,05/2016,06/2016,07/2016,08/2016,09/2016,10/2016,11/2016,12/2016,01/2017,02/2017,03/2017,04/2017,05/2017,06/2017,07/2017,08/2017,09/2017,10/2017,11/2017,12/2017,01/2018,02/2018,03/2018,04/2018,
SCERM44_2015_2016_ALL,,,,,,,,,,,,,,,,,,,,,,,,,,,,,,,,,,,,,,,,,,,,,,,,,,,,,,,,,,,,,,,,,,,,,,,,,,,,,,,,,,,,,,,,6.7262,7.1138,7.3703,7.9708,8.4171,7.7823,6.5258,5.7543,6.4789,5.5786,5.3654,5.6395,6.3060,,,,,,,,,,,,,,,,,,,,,,,,,
SCERM44_2015_2016_Capped_ALL,,,,,,,,,,,,,,,,,,,,,,,,,,,,,,,,,,,,,,,,,,,,,,,,,,,,,,,,,,,,,,,,,,,,,,,,,,,,,,,,,,,,,,,,6.7294,7.1178,7.3737,7.9708,8.4182,7.7825,6.5262,5.7594,6.4816,5.5837,5.3662,5.6428,6.3048,,,,,,,,,,,,,,,,,,,,,,,,,
SCERM44_2015_2016_Dry_ALL,,,,,,,,,,,,,,,,,,,,,,,,,,,,,,,,,,,,,,,,,,,,,,,,,,,,,,,,,,,,,,,,,,,,,,,,,,,,,,,,,,,,,,,,6.7338,7.1396,6.6078,7.2042,8.3698,7.6143,5.9671,5.8494,6.7786,5.7506,5.5024,5.8945,6.1859,,,,,,,,,,,,,,,,,,,,,,,,,
SCERM44_2015_2016_Target_ALL,,,,,,,,,,,,,,,,,,,,,,,,,,,,,,,,,,,,,,,,,,,,,,,,,,,,,,,,,,,,,,,,,,,,,,,,,,,,,,,,,,,,,,,,6.7286,7.1188,7.3739,7.9711,8.4175,7.7821,6.5268,5.7579,6.4809,5.5820,5.3655,5.6417,6.3024,,,,,,,,,,,,,,,,,,,,,,,,,
SCERM44_2017_2018_ALL,,,,,,,,,,,,,,,,,,,,,,,,,,,,,,,,,,,,,,,,,,,,,,,,,,,,,,,,,,,,,,,,,,,,,,,,,,,,,,,,,,,,,,,,,,,,,,,,,,,,,,,,,,,,,,,,6.1456,6.2412,7.0830,7.9652,8.7312,8.7379,7.8202,6.5551,6.3716,6.4093,6.8837,6.9072,6.6596,
SCERM44_2017_2018_Wet_ALL,,,,,,,,,,,,,,,,,,,,,,,,,,,,,,,,,,,,,,,,,,,,,,,,,,,,,,,,,,,,,,,,,,,,,,,,,,,,,,,,,,,,,,,,,,,,,,,,,,,,,,,,,,,,,,,,6.3897,5.8229,6.8553,8.1672,8.6966,8.4884,7.6784,6.5840,6.4299,6.4784,6.8359,6.7160,6.4509,
SCERM8_2015_2016_ALL,,,,,,,,,,,,,,,,,,,,,,,,,,,,,,,,,,,,,,,,,,,,,,,,,,,,,,,,,,,,,,,,,,,,,,,,,,,,,,,,,,,,,,,,6.5473,7.5908,7.4472,8.0340,8.3954,7.7471,6.7185,6.3631,6.6719,6.1552,5.1694,5.0163,6.4764,,,,,,,,,,,,,,,,,,,,,,,,,
SCERM8_2017_2018_ALL,,,,,,,,,,,,,,,,,,,,,,,,,,,,,,,,,,,,,,,,,,,,,,,,,,,,,,,,,,,,,,,,,,,,,,,,,,,,,,,,,,,,,,,,,,,,,,,,,,,,,,,,,,,,,,,,6.2319,6.2471,7.1447,8.1523,8.7124,8.6663,7.8034,6.6035,6.8924,6.9788,6.8675,6.8942,7.0963,


Zone2,Bottom
Simulations,01/2008,02/2008,03/2008,04/2008,05/2008,06/2008,07/2008,08/2008,09/2008,10/2008,11/2008,12/2008,01/2009,02/2009,03/2009,04/2009,05/2009,06/2009,07/2009,08/2009,09/2009,10/2009,11/2009,12/2009,01/2010,02/2010,03/2010,04/2010,05/2010,06/2010,07/2010,08/2010,09/2010,10/2010,11/2010,12/2010,01/2011,02/2011,03/2011,04/2011,05/2011,06/2011,07/2011,08/2011,09/2011,10/2011,11/2011,12/2011,01/2012,02/2012,03/2012,04/2012,05/2012,06/2012,07/2012,08/2012,09/2012,10/2012,11/2012,12/2012,01/2013,02/2013,03/2013,04/2013,05/2013,06/2013,07/2013,08/2013,09/2013,10/2013,11/2013,12/2013,01/2014,02/2014,03/2014,04/2014,05/2014,06/2014,07/2014,08/2014,09/2014,10/2014,11/2014,12/2014,01/2015,02/2015,03/2015,04/2015,05/2015,06/2015,07/2015,08/2015,09/2015,10/2015,11/2015,12/2015,01/2016,02/2016,03/2016,04/2016,05/2016,06/2016,07/2016,08/2016,09/2016,10/2016,11/2016,12/2016,01/2017,02/2017,03/2017,04/2017,05/2017,06/2017,07/2017,08/2017,09/2017,10/2017,11/2017,12/2017,01/2018,02/2018,03/2018,04/2018,
SCERM44_2015_2016_ALL,,,,,,,,,,,,,,,,,,,,,,,,,,,,,,,,,,,,,,,,,,,,,,,,,,,,,,,,,,,,,,,,,,,,,,,,,,,,,,,,,,,,,,,,5.6376,6.2414,6.1894,7.0263,8.4168,7.7767,6.3343,5.4809,6.3633,5.1026,5.1287,5.1832,6.3061,,,,,,,,,,,,,,,,,,,,,,,,,
SCERM44_2015_2016_Capped_ALL,,,,,,,,,,,,,,,,,,,,,,,,,,,,,,,,,,,,,,,,,,,,,,,,,,,,,,,,,,,,,,,,,,,,,,,,,,,,,,,,,,,,,,,,5.6395,6.2441,6.1925,7.0224,8.4179,7.7769,6.3348,5.4862,6.3659,5.1044,5.1278,5.1837,6.3049,,,,,,,,,,,,,,,,,,,,,,,,,
SCERM44_2015_2016_Dry_ALL,,,,,,,,,,,,,,,,,,,,,,,,,,,,,,,,,,,,,,,,,,,,,,,,,,,,,,,,,,,,,,,,,,,,,,,,,,,,,,,,,,,,,,,,5.8311,6.4953,5.6690,6.0715,7.8524,7.2489,5.2816,5.0664,6.5635,5.3540,4.9764,5.5272,5.1181,,,,,,,,,,,,,,,,,,,,,,,,,
SCERM44_2015_2016_Target_ALL,,,,,,,,,,,,,,,,,,,,,,,,,,,,,,,,,,,,,,,,,,,,,,,,,,,,,,,,,,,,,,,,,,,,,,,,,,,,,,,,,,,,,,,,5.6398,6.2460,6.1928,7.0269,8.4172,7.7765,6.3354,5.4846,6.3655,5.1057,5.1287,5.1854,6.3026,,,,,,,,,,,,,,,,,,,,,,,,,
SCERM44_2017_2018_ALL,,,,,,,,,,,,,,,,,,,,,,,,,,,,,,,,,,,,,,,,,,,,,,,,,,,,,,,,,,,,,,,,,,,,,,,,,,,,,,,,,,,,,,,,,,,,,,,,,,,,,,,,,,,,,,,,6.0224,5.7562,6.2563,7.9591,8.7309,8.7374,7.8151,6.4147,6.2025,6.2869,6.7527,6.7668,5.5117,
SCERM44_2017_2018_Wet_ALL,,,,,,,,,,,,,,,,,,,,,,,,,,,,,,,,,,,,,,,,,,,,,,,,,,,,,,,,,,,,,,,,,,,,,,,,,,,,,,,,,,,,,,,,,,,,,,,,,,,,,,,,,,,,,,,,6.1230,4.7418,5.6191,8.0970,8.6962,8.4819,7.6397,6.4076,6.0608,6.3628,6.6857,6.3097,5.4107,
SCERM8_2015_2016_ALL,,,,,,,,,,,,,,,,,,,,,,,,,,,,,,,,,,,,,,,,,,,,,,,,,,,,,,,,,,,,,,,,,,,,,,,,,,,,,,,,,,,,,,,,6.2305,7.4012,6.6659,6.7641,8.3952,7.7423,6.5699,6.2310,6.6230,6.0371,4.9965,4.8580,6.4758,,,,,,,,,,,,,,,,,,,,,,,,,
SCERM8_2017_2018_ALL,,,,,,,,,,,,,,,,,,,,,,,,,,,,,,,,,,,,,,,,,,,,,,,,,,,,,,,,,,,,,,,,,,,,,,,,,,,,,,,,,,,,,,,,,,,,,,,,,,,,,,,,,,,,,,,,6.1006,5.6272,6.4197,8.0174,8.7118,8.6657,7.7975,6.4744,6.7329,6.8467,6.7574,6.7564,6.1930,




Zone3,Surface
Simulations,01/2008,02/2008,03/2008,04/2008,05/2008,06/2008,07/2008,08/2008,09/2008,10/2008,11/2008,12/2008,01/2009,02/2009,03/2009,04/2009,05/2009,06/2009,07/2009,08/2009,09/2009,10/2009,11/2009,12/2009,01/2010,02/2010,03/2010,04/2010,05/2010,06/2010,07/2010,08/2010,09/2010,10/2010,11/2010,12/2010,01/2011,02/2011,03/2011,04/2011,05/2011,06/2011,07/2011,08/2011,09/2011,10/2011,11/2011,12/2011,01/2012,02/2012,03/2012,04/2012,05/2012,06/2012,07/2012,08/2012,09/2012,10/2012,11/2012,12/2012,01/2013,02/2013,03/2013,04/2013,05/2013,06/2013,07/2013,08/2013,09/2013,10/2013,11/2013,12/2013,01/2014,02/2014,03/2014,04/2014,05/2014,06/2014,07/2014,08/2014,09/2014,10/2014,11/2014,12/2014,01/2015,02/2015,03/2015,04/2015,05/2015,06/2015,07/2015,08/2015,09/2015,10/2015,11/2015,12/2015,01/2016,02/2016,03/2016,04/2016,05/2016,06/2016,07/2016,08/2016,09/2016,10/2016,11/2016,12/2016,01/2017,02/2017,03/2017,04/2017,05/2017,06/2017,07/2017,08/2017,09/2017,10/2017,11/2017,12/2017,01/2018,02/2018,03/2018,04/2018,
SCERM44_2015_2016_ALL,,,,,,,,,,,,,,,,,,,,,,,,,,,,,,,,,,,,,,,,,,,,,,,,,,,,,,,,,,,,,,,,,,,,,,,,,,,,,,,,,,,,,,,,6.7432,7.1723,6.8070,7.8098,8.4290,8.2036,6.8552,6.4782,7.1429,6.6502,6.0494,5.9814,6.3356,,,,,,,,,,,,,,,,,,,,,,,,,
SCERM44_2015_2016_Capped_ALL,,,,,,,,,,,,,,,,,,,,,,,,,,,,,,,,,,,,,,,,,,,,,,,,,,,,,,,,,,,,,,,,,,,,,,,,,,,,,,,,,,,,,,,,6.7428,7.1629,6.8062,7.8135,8.4311,8.2045,6.8541,6.4707,7.1273,6.6293,6.0455,5.9701,6.3393,,,,,,,,,,,,,,,,,,,,,,,,,
SCERM44_2015_2016_Dry_ALL,,,,,,,,,,,,,,,,,,,,,,,,,,,,,,,,,,,,,,,,,,,,,,,,,,,,,,,,,,,,,,,,,,,,,,,,,,,,,,,,,,,,,,,,6.7048,7.4435,6.7369,6.7716,8.3087,7.7595,6.8830,6.8026,7.2051,6.6433,6.3309,6.7677,6.6510,,,,,,,,,,,,,,,,,,,,,,,,,
SCERM44_2015_2016_Target_ALL,,,,,,,,,,,,,,,,,,,,,,,,,,,,,,,,,,,,,,,,,,,,,,,,,,,,,,,,,,,,,,,,,,,,,,,,,,,,,,,,,,,,,,,,6.7450,7.1726,6.8111,7.8114,8.4290,8.2035,6.8562,6.4785,7.1398,6.6456,6.0509,5.9802,6.3357,,,,,,,,,,,,,,,,,,,,,,,,,
SCERM44_2017_2018_ALL,,,,,,,,,,,,,,,,,,,,,,,,,,,,,,,,,,,,,,,,,,,,,,,,,,,,,,,,,,,,,,,,,,,,,,,,,,,,,,,,,,,,,,,,,,,,,,,,,,,,,,,,,,,,,,,,6.4478,5.7611,6.2526,7.9467,8.6591,8.5630,8.0265,6.7353,6.6438,6.3272,6.6674,6.8170,6.6030,
SCERM44_2017_2018_Wet_ALL,,,,,,,,,,,,,,,,,,,,,,,,,,,,,,,,,,,,,,,,,,,,,,,,,,,,,,,,,,,,,,,,,,,,,,,,,,,,,,,,,,,,,,,,,,,,,,,,,,,,,,,,,,,,,,,,6.3433,5.2195,5.6831,7.9118,8.6059,8.2957,7.9580,6.8905,6.7179,6.2874,6.7430,6.7756,6.4707,
SCERM8_2015_2016_ALL,,,,,,,,,,,,,,,,,,,,,,,,,,,,,,,,,,,,,,,,,,,,,,,,,,,,,,,,,,,,,,,,,,,,,,,,,,,,,,,,,,,,,,,,6.8980,7.4604,7.7906,7.9853,8.4331,8.1712,6.9780,7.4426,7.6295,7.2229,6.5009,6.3047,6.3253,,,,,,,,,,,,,,,,,,,,,,,,,
SCERM8_2017_2018_ALL,,,,,,,,,,,,,,,,,,,,,,,,,,,,,,,,,,,,,,,,,,,,,,,,,,,,,,,,,,,,,,,,,,,,,,,,,,,,,,,,,,,,,,,,,,,,,,,,,,,,,,,,,,,,,,,,7.0442,7.1400,8.1270,8.4180,8.6798,8.5041,8.0346,6.8475,7.2829,7.4851,7.1355,7.1878,7.7937,


Zone3,Bottom
Simulations,01/2008,02/2008,03/2008,04/2008,05/2008,06/2008,07/2008,08/2008,09/2008,10/2008,11/2008,12/2008,01/2009,02/2009,03/2009,04/2009,05/2009,06/2009,07/2009,08/2009,09/2009,10/2009,11/2009,12/2009,01/2010,02/2010,03/2010,04/2010,05/2010,06/2010,07/2010,08/2010,09/2010,10/2010,11/2010,12/2010,01/2011,02/2011,03/2011,04/2011,05/2011,06/2011,07/2011,08/2011,09/2011,10/2011,11/2011,12/2011,01/2012,02/2012,03/2012,04/2012,05/2012,06/2012,07/2012,08/2012,09/2012,10/2012,11/2012,12/2012,01/2013,02/2013,03/2013,04/2013,05/2013,06/2013,07/2013,08/2013,09/2013,10/2013,11/2013,12/2013,01/2014,02/2014,03/2014,04/2014,05/2014,06/2014,07/2014,08/2014,09/2014,10/2014,11/2014,12/2014,01/2015,02/2015,03/2015,04/2015,05/2015,06/2015,07/2015,08/2015,09/2015,10/2015,11/2015,12/2015,01/2016,02/2016,03/2016,04/2016,05/2016,06/2016,07/2016,08/2016,09/2016,10/2016,11/2016,12/2016,01/2017,02/2017,03/2017,04/2017,05/2017,06/2017,07/2017,08/2017,09/2017,10/2017,11/2017,12/2017,01/2018,02/2018,03/2018,04/2018,
SCERM44_2015_2016_ALL,,,,,,,,,,,,,,,,,,,,,,,,,,,,,,,,,,,,,,,,,,,,,,,,,,,,,,,,,,,,,,,,,,,,,,,,,,,,,,,,,,,,,,,,3.3310,4.6263,3.1670,3.0995,8.2509,7.8944,5.8128,4.7920,6.5558,4.2950,3.8201,4.4831,5.8509,,,,,,,,,,,,,,,,,,,,,,,,,
SCERM44_2015_2016_Capped_ALL,,,,,,,,,,,,,,,,,,,,,,,,,,,,,,,,,,,,,,,,,,,,,,,,,,,,,,,,,,,,,,,,,,,,,,,,,,,,,,,,,,,,,,,,3.3218,4.6014,3.1497,3.0944,8.2518,7.8958,5.8052,4.7723,6.5350,4.2648,3.7997,4.4482,5.8415,,,,,,,,,,,,,,,,,,,,,,,,,
SCERM44_2015_2016_Dry_ALL,,,,,,,,,,,,,,,,,,,,,,,,,,,,,,,,,,,,,,,,,,,,,,,,,,,,,,,,,,,,,,,,,,,,,,,,,,,,,,,,,,,,,,,,3.7490,5.3954,3.9752,3.2896,5.1160,5.2827,4.2286,3.6229,6.1528,4.5503,3.0959,4.6457,2.6810,,,,,,,,,,,,,,,,,,,,,,,,,
SCERM44_2015_2016_Target_ALL,,,,,,,,,,,,,,,,,,,,,,,,,,,,,,,,,,,,,,,,,,,,,,,,,,,,,,,,,,,,,,,,,,,,,,,,,,,,,,,,,,,,,,,,3.3312,4.6218,3.1639,3.0959,8.2507,7.8943,5.8117,4.7897,6.5521,4.2882,3.8185,4.4816,5.8512,,,,,,,,,,,,,,,,,,,,,,,,,
SCERM44_2017_2018_ALL,,,,,,,,,,,,,,,,,,,,,,,,,,,,,,,,,,,,,,,,,,,,,,,,,,,,,,,,,,,,,,,,,,,,,,,,,,,,,,,,,,,,,,,,,,,,,,,,,,,,,,,,,,,,,,,,4.8499,1.8302,1.9137,5.9546,8.6636,8.5377,7.9401,5.8962,5.3065,5.0622,5.7746,5.0178,3.0345,
SCERM44_2017_2018_Wet_ALL,,,,,,,,,,,,,,,,,,,,,,,,,,,,,,,,,,,,,,,,,,,,,,,,,,,,,,,,,,,,,,,,,,,,,,,,,,,,,,,,,,,,,,,,,,,,,,,,,,,,,,,,,,,,,,,,2.9711,1.5325,1.7058,6.1018,8.6083,8.0842,7.6696,4.9468,4.5478,4.3915,5.4844,4.8372,3.1515,
SCERM8_2015_2016_ALL,,,,,,,,,,,,,,,,,,,,,,,,,,,,,,,,,,,,,,,,,,,,,,,,,,,,,,,,,,,,,,,,,,,,,,,,,,,,,,,,,,,,,,,,4.8108,6.2413,4.8014,3.8282,8.2555,7.8727,5.5494,5.7311,7.1885,5.7952,4.6833,5.1169,5.6288,,,,,,,,,,,,,,,,,,,,,,,,,
SCERM8_2017_2018_ALL,,,,,,,,,,,,,,,,,,,,,,,,,,,,,,,,,,,,,,,,,,,,,,,,,,,,,,,,,,,,,,,,,,,,,,,,,,,,,,,,,,,,,,,,,,,,,,,,,,,,,,,,,,,,,,,,5.8318,5.9900,5.6867,6.0415,8.6818,8.3678,7.9275,5.9484,6.2165,6.8720,6.1352,6.1539,4.9877,




Zone4,Surface
Simulations,01/2008,02/2008,03/2008,04/2008,05/2008,06/2008,07/2008,08/2008,09/2008,10/2008,11/2008,12/2008,01/2009,02/2009,03/2009,04/2009,05/2009,06/2009,07/2009,08/2009,09/2009,10/2009,11/2009,12/2009,01/2010,02/2010,03/2010,04/2010,05/2010,06/2010,07/2010,08/2010,09/2010,10/2010,11/2010,12/2010,01/2011,02/2011,03/2011,04/2011,05/2011,06/2011,07/2011,08/2011,09/2011,10/2011,11/2011,12/2011,01/2012,02/2012,03/2012,04/2012,05/2012,06/2012,07/2012,08/2012,09/2012,10/2012,11/2012,12/2012,01/2013,02/2013,03/2013,04/2013,05/2013,06/2013,07/2013,08/2013,09/2013,10/2013,11/2013,12/2013,01/2014,02/2014,03/2014,04/2014,05/2014,06/2014,07/2014,08/2014,09/2014,10/2014,11/2014,12/2014,01/2015,02/2015,03/2015,04/2015,05/2015,06/2015,07/2015,08/2015,09/2015,10/2015,11/2015,12/2015,01/2016,02/2016,03/2016,04/2016,05/2016,06/2016,07/2016,08/2016,09/2016,10/2016,11/2016,12/2016,01/2017,02/2017,03/2017,04/2017,05/2017,06/2017,07/2017,08/2017,09/2017,10/2017,11/2017,12/2017,01/2018,02/2018,03/2018,04/2018,
SCERM44_2015_2016_ALL,,,,,,,,,,,,,,,,,,,,,,,,,,,,,,,,,,,,,,,,,,,,,,,,,,,,,,,,,,,,,,,,,,,,,,,,,,,,,,,,,,,,,,,,7.0699,7.5526,7.5763,7.9017,8.3538,8.1771,7.6659,7.4178,7.2959,6.7922,6.9910,6.9212,6.5907,,,,,,,,,,,,,,,,,,,,,,,,,
SCERM44_2015_2016_Capped_ALL,,,,,,,,,,,,,,,,,,,,,,,,,,,,,,,,,,,,,,,,,,,,,,,,,,,,,,,,,,,,,,,,,,,,,,,,,,,,,,,,,,,,,,,,7.0607,7.4990,7.5352,7.8946,8.3559,8.1778,7.5480,7.2825,7.2365,6.7473,6.9309,6.8901,6.5942,,,,,,,,,,,,,,,,,,,,,,,,,
SCERM44_2015_2016_Dry_ALL,,,,,,,,,,,,,,,,,,,,,,,,,,,,,,,,,,,,,,,,,,,,,,,,,,,,,,,,,,,,,,,,,,,,,,,,,,,,,,,,,,,,,,,,6.9794,7.3635,7.6078,7.6977,8.2682,8.0105,7.3104,6.8887,7.0150,6.5957,6.9165,6.6421,7.5215,,,,,,,,,,,,,,,,,,,,,,,,,
SCERM44_2015_2016_Target_ALL,,,,,,,,,,,,,,,,,,,,,,,,,,,,,,,,,,,,,,,,,,,,,,,,,,,,,,,,,,,,,,,,,,,,,,,,,,,,,,,,,,,,,,,,7.0685,7.5357,7.5635,7.8955,8.3532,8.1773,7.6193,7.3640,7.2739,6.7764,6.9724,6.9115,6.5906,,,,,,,,,,,,,,,,,,,,,,,,,
SCERM44_2017_2018_ALL,,,,,,,,,,,,,,,,,,,,,,,,,,,,,,,,,,,,,,,,,,,,,,,,,,,,,,,,,,,,,,,,,,,,,,,,,,,,,,,,,,,,,,,,,,,,,,,,,,,,,,,,,,,,,,,,6.4781,6.1930,6.5331,7.8958,8.6810,8.2901,8.0501,7.3390,7.2147,6.7257,7.2046,7.3418,7.3847,
SCERM44_2017_2018_Wet_ALL,,,,,,,,,,,,,,,,,,,,,,,,,,,,,,,,,,,,,,,,,,,,,,,,,,,,,,,,,,,,,,,,,,,,,,,,,,,,,,,,,,,,,,,,,,,,,,,,,,,,,,,,,,,,,,,,6.2944,6.3835,6.5270,7.8110,8.5969,8.0084,7.8659,7.4558,7.0486,6.6257,7.1569,7.2620,7.1741,
SCERM8_2015_2016_ALL,,,,,,,,,,,,,,,,,,,,,,,,,,,,,,,,,,,,,,,,,,,,,,,,,,,,,,,,,,,,,,,,,,,,,,,,,,,,,,,,,,,,,,,,6.9630,7.4508,8.0176,8.3973,8.4188,8.0547,7.7089,7.3225,7.3125,6.8932,7.0531,6.9737,6.7882,,,,,,,,,,,,,,,,,,,,,,,,,
SCERM8_2017_2018_ALL,,,,,,,,,,,,,,,,,,,,,,,,,,,,,,,,,,,,,,,,,,,,,,,,,,,,,,,,,,,,,,,,,,,,,,,,,,,,,,,,,,,,,,,,,,,,,,,,,,,,,,,,,,,,,,,,6.6759,6.8868,8.1010,8.3465,8.7420,8.1576,8.1090,7.5617,7.7556,7.1293,7.5031,7.8061,7.8184,


Zone4,Bottom
Simulations,01/2008,02/2008,03/2008,04/2008,05/2008,06/2008,07/2008,08/2008,09/2008,10/2008,11/2008,12/2008,01/2009,02/2009,03/2009,04/2009,05/2009,06/2009,07/2009,08/2009,09/2009,10/2009,11/2009,12/2009,01/2010,02/2010,03/2010,04/2010,05/2010,06/2010,07/2010,08/2010,09/2010,10/2010,11/2010,12/2010,01/2011,02/2011,03/2011,04/2011,05/2011,06/2011,07/2011,08/2011,09/2011,10/2011,11/2011,12/2011,01/2012,02/2012,03/2012,04/2012,05/2012,06/2012,07/2012,08/2012,09/2012,10/2012,11/2012,12/2012,01/2013,02/2013,03/2013,04/2013,05/2013,06/2013,07/2013,08/2013,09/2013,10/2013,11/2013,12/2013,01/2014,02/2014,03/2014,04/2014,05/2014,06/2014,07/2014,08/2014,09/2014,10/2014,11/2014,12/2014,01/2015,02/2015,03/2015,04/2015,05/2015,06/2015,07/2015,08/2015,09/2015,10/2015,11/2015,12/2015,01/2016,02/2016,03/2016,04/2016,05/2016,06/2016,07/2016,08/2016,09/2016,10/2016,11/2016,12/2016,01/2017,02/2017,03/2017,04/2017,05/2017,06/2017,07/2017,08/2017,09/2017,10/2017,11/2017,12/2017,01/2018,02/2018,03/2018,04/2018,
SCERM44_2015_2016_ALL,,,,,,,,,,,,,,,,,,,,,,,,,,,,,,,,,,,,,,,,,,,,,,,,,,,,,,,,,,,,,,,,,,,,,,,,,,,,,,,,,,,,,,,,5.5230,6.3533,5.6792,4.9651,7.0090,7.3659,5.7160,4.9764,6.5925,5.7193,5.3381,5.8858,4.2772,,,,,,,,,,,,,,,,,,,,,,,,,
SCERM44_2015_2016_Capped_ALL,,,,,,,,,,,,,,,,,,,,,,,,,,,,,,,,,,,,,,,,,,,,,,,,,,,,,,,,,,,,,,,,,,,,,,,,,,,,,,,,,,,,,,,,5.5092,6.3018,5.5996,4.9063,6.9982,7.3617,5.5738,4.8544,6.5317,5.6782,5.2788,5.8512,4.2510,,,,,,,,,,,,,,,,,,,,,,,,,
SCERM44_2015_2016_Dry_ALL,,,,,,,,,,,,,,,,,,,,,,,,,,,,,,,,,,,,,,,,,,,,,,,,,,,,,,,,,,,,,,,,,,,,,,,,,,,,,,,,,,,,,,,,5.6760,6.4771,6.1230,5.5219,7.0002,6.5055,5.7913,5.3595,6.6804,5.8619,5.3620,5.9333,5.4638,,,,,,,,,,,,,,,,,,,,,,,,,
SCERM44_2015_2016_Target_ALL,,,,,,,,,,,,,,,,,,,,,,,,,,,,,,,,,,,,,,,,,,,,,,,,,,,,,,,,,,,,,,,,,,,,,,,,,,,,,,,,,,,,,,,,5.5220,6.3376,5.6506,4.9351,7.0035,7.3648,5.6579,4.9226,6.5695,5.7049,5.3207,5.8770,4.2735,,,,,,,,,,,,,,,,,,,,,,,,,
SCERM44_2017_2018_ALL,,,,,,,,,,,,,,,,,,,,,,,,,,,,,,,,,,,,,,,,,,,,,,,,,,,,,,,,,,,,,,,,,,,,,,,,,,,,,,,,,,,,,,,,,,,,,,,,,,,,,,,,,,,,,,,,3.0663,3.3147,3.7975,5.1779,8.3938,7.7120,7.4867,5.6187,5.7902,5.7868,5.3964,6.1623,5.2813,
SCERM44_2017_2018_Wet_ALL,,,,,,,,,,,,,,,,,,,,,,,,,,,,,,,,,,,,,,,,,,,,,,,,,,,,,,,,,,,,,,,,,,,,,,,,,,,,,,,,,,,,,,,,,,,,,,,,,,,,,,,,,,,,,,,,2.7804,3.6749,3.6861,4.8556,8.1073,5.5317,5.9768,5.5398,5.6666,5.6421,5.1000,6.1480,5.1644,
SCERM8_2015_2016_ALL,,,,,,,,,,,,,,,,,,,,,,,,,,,,,,,,,,,,,,,,,,,,,,,,,,,,,,,,,,,,,,,,,,,,,,,,,,,,,,,,,,,,,,,,5.9744,6.6367,6.5083,5.9773,7.0135,7.0987,5.7206,5.2787,6.7532,5.9050,5.7817,6.0219,4.8965,,,,,,,,,,,,,,,,,,,,,,,,,
SCERM8_2017_2018_ALL,,,,,,,,,,,,,,,,,,,,,,,,,,,,,,,,,,,,,,,,,,,,,,,,,,,,,,,,,,,,,,,,,,,,,,,,,,,,,,,,,,,,,,,,,,,,,,,,,,,,,,,,,,,,,,,,3.0122,6.3197,5.8203,6.0809,8.2011,6.6627,7.0602,5.5536,5.4369,5.4362,5.3135,6.1109,5.0275,




Zone5,Surface
Simulations,01/2008,02/2008,03/2008,04/2008,05/2008,06/2008,07/2008,08/2008,09/2008,10/2008,11/2008,12/2008,01/2009,02/2009,03/2009,04/2009,05/2009,06/2009,07/2009,08/2009,09/2009,10/2009,11/2009,12/2009,01/2010,02/2010,03/2010,04/2010,05/2010,06/2010,07/2010,08/2010,09/2010,10/2010,11/2010,12/2010,01/2011,02/2011,03/2011,04/2011,05/2011,06/2011,07/2011,08/2011,09/2011,10/2011,11/2011,12/2011,01/2012,02/2012,03/2012,04/2012,05/2012,06/2012,07/2012,08/2012,09/2012,10/2012,11/2012,12/2012,01/2013,02/2013,03/2013,04/2013,05/2013,06/2013,07/2013,08/2013,09/2013,10/2013,11/2013,12/2013,01/2014,02/2014,03/2014,04/2014,05/2014,06/2014,07/2014,08/2014,09/2014,10/2014,11/2014,12/2014,01/2015,02/2015,03/2015,04/2015,05/2015,06/2015,07/2015,08/2015,09/2015,10/2015,11/2015,12/2015,01/2016,02/2016,03/2016,04/2016,05/2016,06/2016,07/2016,08/2016,09/2016,10/2016,11/2016,12/2016,01/2017,02/2017,03/2017,04/2017,05/2017,06/2017,07/2017,08/2017,09/2017,10/2017,11/2017,12/2017,01/2018,02/2018,03/2018,04/2018,
SCERM44_2015_2016_ALL,,,,,,,,,,,,,,,,,,,,,,,,,,,,,,,,,,,,,,,,,,,,,,,,,,,,,,,,,,,,,,,,,,,,,,,,,,,,,,,,,,,,,,,,6.9161,7.4896,7.6840,7.9129,8.4673,8.0273,7.6647,7.2556,7.1546,6.6589,6.8273,6.7558,7.8186,,,,,,,,,,,,,,,,,,,,,,,,,
SCERM44_2015_2016_Capped_ALL,,,,,,,,,,,,,,,,,,,,,,,,,,,,,,,,,,,,,,,,,,,,,,,,,,,,,,,,,,,,,,,,,,,,,,,,,,,,,,,,,,,,,,,,6.9116,7.4707,7.6175,7.8432,8.4494,7.9785,7.5695,7.1898,7.1308,6.6423,6.8089,6.7405,7.7820,,,,,,,,,,,,,,,,,,,,,,,,,
SCERM44_2015_2016_Dry_ALL,,,,,,,,,,,,,,,,,,,,,,,,,,,,,,,,,,,,,,,,,,,,,,,,,,,,,,,,,,,,,,,,,,,,,,,,,,,,,,,,,,,,,,,,6.8830,7.4350,7.5869,7.7541,8.2155,7.9558,7.3818,7.0192,7.0164,6.5639,6.7730,6.6815,7.1313,,,,,,,,,,,,,,,,,,,,,,,,,
SCERM44_2015_2016_Target_ALL,,,,,,,,,,,,,,,,,,,,,,,,,,,,,,,,,,,,,,,,,,,,,,,,,,,,,,,,,,,,,,,,,,,,,,,,,,,,,,,,,,,,,,,,6.9155,7.4841,7.6566,7.8821,8.4587,8.0064,7.6244,7.2256,7.1460,6.6531,6.8217,6.7522,7.8075,,,,,,,,,,,,,,,,,,,,,,,,,
SCERM44_2017_2018_ALL,,,,,,,,,,,,,,,,,,,,,,,,,,,,,,,,,,,,,,,,,,,,,,,,,,,,,,,,,,,,,,,,,,,,,,,,,,,,,,,,,,,,,,,,,,,,,,,,,,,,,,,,,,,,,,,,6.6173,7.0305,7.2253,7.8806,9.0271,8.2555,8.0004,7.4943,6.8969,6.5779,6.9881,6.9363,7.0518,
SCERM44_2017_2018_Wet_ALL,,,,,,,,,,,,,,,,,,,,,,,,,,,,,,,,,,,,,,,,,,,,,,,,,,,,,,,,,,,,,,,,,,,,,,,,,,,,,,,,,,,,,,,,,,,,,,,,,,,,,,,,,,,,,,,,6.5366,7.0646,7.2469,7.8331,8.9335,7.9690,7.8176,7.2409,6.8171,6.5238,7.1110,6.8731,6.9745,
SCERM8_2015_2016_ALL,,,,,,,,,,,,,,,,,,,,,,,,,,,,,,,,,,,,,,,,,,,,,,,,,,,,,,,,,,,,,,,,,,,,,,,,,,,,,,,,,,,,,,,,6.8861,7.4768,7.7354,7.9742,8.5806,7.9927,7.6146,7.1300,7.0787,6.6230,6.7896,6.7313,7.4951,,,,,,,,,,,,,,,,,,,,,,,,,
SCERM8_2017_2018_ALL,,,,,,,,,,,,,,,,,,,,,,,,,,,,,,,,,,,,,,,,,,,,,,,,,,,,,,,,,,,,,,,,,,,,,,,,,,,,,,,,,,,,,,,,,,,,,,,,,,,,,,,,,,,,,,,,6.6919,6.4480,7.2857,8.1445,9.0347,8.1097,8.0155,7.5769,7.0076,6.6721,7.0515,6.9923,7.0891,


Zone5,Bottom
Simulations,01/2008,02/2008,03/2008,04/2008,05/2008,06/2008,07/2008,08/2008,09/2008,10/2008,11/2008,12/2008,01/2009,02/2009,03/2009,04/2009,05/2009,06/2009,07/2009,08/2009,09/2009,10/2009,11/2009,12/2009,01/2010,02/2010,03/2010,04/2010,05/2010,06/2010,07/2010,08/2010,09/2010,10/2010,11/2010,12/2010,01/2011,02/2011,03/2011,04/2011,05/2011,06/2011,07/2011,08/2011,09/2011,10/2011,11/2011,12/2011,01/2012,02/2012,03/2012,04/2012,05/2012,06/2012,07/2012,08/2012,09/2012,10/2012,11/2012,12/2012,01/2013,02/2013,03/2013,04/2013,05/2013,06/2013,07/2013,08/2013,09/2013,10/2013,11/2013,12/2013,01/2014,02/2014,03/2014,04/2014,05/2014,06/2014,07/2014,08/2014,09/2014,10/2014,11/2014,12/2014,01/2015,02/2015,03/2015,04/2015,05/2015,06/2015,07/2015,08/2015,09/2015,10/2015,11/2015,12/2015,01/2016,02/2016,03/2016,04/2016,05/2016,06/2016,07/2016,08/2016,09/2016,10/2016,11/2016,12/2016,01/2017,02/2017,03/2017,04/2017,05/2017,06/2017,07/2017,08/2017,09/2017,10/2017,11/2017,12/2017,01/2018,02/2018,03/2018,04/2018,
SCERM44_2015_2016_ALL,,,,,,,,,,,,,,,,,,,,,,,,,,,,,,,,,,,,,,,,,,,,,,,,,,,,,,,,,,,,,,,,,,,,,,,,,,,,,,,,,,,,,,,,6.7431,7.1884,7.0251,6.6379,7.2768,6.5982,6.5280,6.3614,6.9377,6.5073,6.5653,6.6994,6.4836,,,,,,,,,,,,,,,,,,,,,,,,,
SCERM44_2015_2016_Capped_ALL,,,,,,,,,,,,,,,,,,,,,,,,,,,,,,,,,,,,,,,,,,,,,,,,,,,,,,,,,,,,,,,,,,,,,,,,,,,,,,,,,,,,,,,,6.7391,7.1723,6.9806,6.5800,7.2283,6.5204,6.4263,6.2778,6.9153,6.4946,6.5500,6.6857,6.4536,,,,,,,,,,,,,,,,,,,,,,,,,
SCERM44_2015_2016_Dry_ALL,,,,,,,,,,,,,,,,,,,,,,,,,,,,,,,,,,,,,,,,,,,,,,,,,,,,,,,,,,,,,,,,,,,,,,,,,,,,,,,,,,,,,,,,6.7861,7.2567,7.2045,7.0136,7.7480,7.3737,6.8182,6.7710,6.9414,6.5378,6.6555,6.6752,7.0600,,,,,,,,,,,,,,,,,,,,,,,,,
SCERM44_2015_2016_Target_ALL,,,,,,,,,,,,,,,,,,,,,,,,,,,,,,,,,,,,,,,,,,,,,,,,,,,,,,,,,,,,,,,,,,,,,,,,,,,,,,,,,,,,,,,,6.7427,7.1836,7.0038,6.6013,7.2510,6.5613,6.4801,6.3213,6.9283,6.5011,6.5598,6.6956,6.4736,,,,,,,,,,,,,,,,,,,,,,,,,
SCERM44_2017_2018_ALL,,,,,,,,,,,,,,,,,,,,,,,,,,,,,,,,,,,,,,,,,,,,,,,,,,,,,,,,,,,,,,,,,,,,,,,,,,,,,,,,,,,,,,,,,,,,,,,,,,,,,,,,,,,,,,,,3.5084,4.3662,5.3286,6.7607,7.0615,5.1254,5.6824,5.9018,6.2185,6.3961,6.4706,6.6103,6.8476,
SCERM44_2017_2018_Wet_ALL,,,,,,,,,,,,,,,,,,,,,,,,,,,,,,,,,,,,,,,,,,,,,,,,,,,,,,,,,,,,,,,,,,,,,,,,,,,,,,,,,,,,,,,,,,,,,,,,,,,,,,,,,,,,,,,,3.4073,4.4070,5.1162,6.4843,6.6763,4.6190,5.8312,5.9354,6.2413,6.3503,6.4072,6.5828,6.8653,
SCERM8_2015_2016_ALL,,,,,,,,,,,,,,,,,,,,,,,,,,,,,,,,,,,,,,,,,,,,,,,,,,,,,,,,,,,,,,,,,,,,,,,,,,,,,,,,,,,,,,,,6.8155,7.3539,7.4450,7.1168,7.6303,6.9319,6.7257,6.6531,6.9640,6.5315,6.6637,6.7105,6.8000,,,,,,,,,,,,,,,,,,,,,,,,,
SCERM8_2017_2018_ALL,,,,,,,,,,,,,,,,,,,,,,,,,,,,,,,,,,,,,,,,,,,,,,,,,,,,,,,,,,,,,,,,,,,,,,,,,,,,,,,,,,,,,,,,,,,,,,,,,,,,,,,,,,,,,,,,3.4858,5.7709,7.1009,7.3305,7.2659,5.1266,5.8697,5.9778,6.0257,6.2885,6.4261,6.4957,6.5957,




Zone6,Surface
Simulations,01/2008,02/2008,03/2008,04/2008,05/2008,06/2008,07/2008,08/2008,09/2008,10/2008,11/2008,12/2008,01/2009,02/2009,03/2009,04/2009,05/2009,06/2009,07/2009,08/2009,09/2009,10/2009,11/2009,12/2009,01/2010,02/2010,03/2010,04/2010,05/2010,06/2010,07/2010,08/2010,09/2010,10/2010,11/2010,12/2010,01/2011,02/2011,03/2011,04/2011,05/2011,06/2011,07/2011,08/2011,09/2011,10/2011,11/2011,12/2011,01/2012,02/2012,03/2012,04/2012,05/2012,06/2012,07/2012,08/2012,09/2012,10/2012,11/2012,12/2012,01/2013,02/2013,03/2013,04/2013,05/2013,06/2013,07/2013,08/2013,09/2013,10/2013,11/2013,12/2013,01/2014,02/2014,03/2014,04/2014,05/2014,06/2014,07/2014,08/2014,09/2014,10/2014,11/2014,12/2014,01/2015,02/2015,03/2015,04/2015,05/2015,06/2015,07/2015,08/2015,09/2015,10/2015,11/2015,12/2015,01/2016,02/2016,03/2016,04/2016,05/2016,06/2016,07/2016,08/2016,09/2016,10/2016,11/2016,12/2016,01/2017,02/2017,03/2017,04/2017,05/2017,06/2017,07/2017,08/2017,09/2017,10/2017,11/2017,12/2017,01/2018,02/2018,03/2018,04/2018,
SCERM44_2015_2016_ALL,,,,,,,,,,,,,,,,,,,,,,,,,,,,,,,,,,,,,,,,,,,,,,,,,,,,,,,,,,,,,,,,,,,,,,,,,,,,,,,,,,,,,,,,7.3521,7.7581,7.8177,8.2442,9.1518,9.0827,7.9788,7.6392,7.9070,6.7715,6.6911,6.6457,7.0299,,,,,,,,,,,,,,,,,,,,,,,,,
SCERM44_2015_2016_Capped_ALL,,,,,,,,,,,,,,,,,,,,,,,,,,,,,,,,,,,,,,,,,,,,,,,,,,,,,,,,,,,,,,,,,,,,,,,,,,,,,,,,,,,,,,,,7.3474,7.6796,7.7607,8.1808,9.1440,9.0176,7.8654,7.5523,7.8712,6.7502,6.6661,6.6264,6.9883,,,,,,,,,,,,,,,,,,,,,,,,,
SCERM44_2015_2016_Dry_ALL,,,,,,,,,,,,,,,,,,,,,,,,,,,,,,,,,,,,,,,,,,,,,,,,,,,,,,,,,,,,,,,,,,,,,,,,,,,,,,,,,,,,,,,,7.1361,7.4829,7.6856,7.9134,8.9411,8.9802,7.6559,7.3129,7.6048,6.6288,6.6579,6.4361,6.8217,,,,,,,,,,,,,,,,,,,,,,,,,
SCERM44_2015_2016_Target_ALL,,,,,,,,,,,,,,,,,,,,,,,,,,,,,,,,,,,,,,,,,,,,,,,,,,,,,,,,,,,,,,,,,,,,,,,,,,,,,,,,,,,,,,,,7.3523,7.7487,7.8038,8.2335,9.1519,9.0690,7.9471,7.6234,7.9016,6.7694,6.6899,6.6457,7.0239,,,,,,,,,,,,,,,,,,,,,,,,,
SCERM44_2017_2018_ALL,,,,,,,,,,,,,,,,,,,,,,,,,,,,,,,,,,,,,,,,,,,,,,,,,,,,,,,,,,,,,,,,,,,,,,,,,,,,,,,,,,,,,,,,,,,,,,,,,,,,,,,,,,,,,,,,7.4619,7.3157,7.2766,8.6499,9.1257,8.6058,8.9004,7.6993,7.3527,7.0031,7.3104,7.1481,6.9828,
SCERM44_2017_2018_Wet_ALL,,,,,,,,,,,,,,,,,,,,,,,,,,,,,,,,,,,,,,,,,,,,,,,,,,,,,,,,,,,,,,,,,,,,,,,,,,,,,,,,,,,,,,,,,,,,,,,,,,,,,,,,,,,,,,,,7.2858,7.1953,7.1506,8.5722,9.1198,8.4467,8.7848,7.4592,7.1569,6.8388,7.1521,7.0262,6.8629,
SCERM8_2015_2016_ALL,,,,,,,,,,,,,,,,,,,,,,,,,,,,,,,,,,,,,,,,,,,,,,,,,,,,,,,,,,,,,,,,,,,,,,,,,,,,,,,,,,,,,,,,6.9109,7.2913,7.4753,7.7398,8.8305,8.7511,7.5372,7.1783,7.3387,6.4594,6.2490,6.1660,6.3338,,,,,,,,,,,,,,,,,,,,,,,,,
SCERM8_2017_2018_ALL,,,,,,,,,,,,,,,,,,,,,,,,,,,,,,,,,,,,,,,,,,,,,,,,,,,,,,,,,,,,,,,,,,,,,,,,,,,,,,,,,,,,,,,,,,,,,,,,,,,,,,,,,,,,,,,,7.3282,7.1214,7.1823,8.5611,9.3774,8.8501,8.8987,7.4829,7.0999,6.7269,6.9959,6.9260,6.7068,


Zone6,Bottom
Simulations,01/2008,02/2008,03/2008,04/2008,05/2008,06/2008,07/2008,08/2008,09/2008,10/2008,11/2008,12/2008,01/2009,02/2009,03/2009,04/2009,05/2009,06/2009,07/2009,08/2009,09/2009,10/2009,11/2009,12/2009,01/2010,02/2010,03/2010,04/2010,05/2010,06/2010,07/2010,08/2010,09/2010,10/2010,11/2010,12/2010,01/2011,02/2011,03/2011,04/2011,05/2011,06/2011,07/2011,08/2011,09/2011,10/2011,11/2011,12/2011,01/2012,02/2012,03/2012,04/2012,05/2012,06/2012,07/2012,08/2012,09/2012,10/2012,11/2012,12/2012,01/2013,02/2013,03/2013,04/2013,05/2013,06/2013,07/2013,08/2013,09/2013,10/2013,11/2013,12/2013,01/2014,02/2014,03/2014,04/2014,05/2014,06/2014,07/2014,08/2014,09/2014,10/2014,11/2014,12/2014,01/2015,02/2015,03/2015,04/2015,05/2015,06/2015,07/2015,08/2015,09/2015,10/2015,11/2015,12/2015,01/2016,02/2016,03/2016,04/2016,05/2016,06/2016,07/2016,08/2016,09/2016,10/2016,11/2016,12/2016,01/2017,02/2017,03/2017,04/2017,05/2017,06/2017,07/2017,08/2017,09/2017,10/2017,11/2017,12/2017,01/2018,02/2018,03/2018,04/2018,
SCERM44_2015_2016_ALL,,,,,,,,,,,,,,,,,,,,,,,,,,,,,,,,,,,,,,,,,,,,,,,,,,,,,,,,,,,,,,,,,,,,,,,,,,,,,,,,,,,,,,,,7.0742,7.5593,7.3955,7.7307,8.8679,8.9421,7.6959,7.3086,7.7724,6.6736,6.5649,6.5972,6.8608,,,,,,,,,,,,,,,,,,,,,,,,,
SCERM44_2015_2016_Capped_ALL,,,,,,,,,,,,,,,,,,,,,,,,,,,,,,,,,,,,,,,,,,,,,,,,,,,,,,,,,,,,,,,,,,,,,,,,,,,,,,,,,,,,,,,,7.0684,7.4824,7.3241,7.6397,8.8500,8.8601,7.5658,7.2113,7.7341,6.6510,6.5389,6.5770,6.8151,,,,,,,,,,,,,,,,,,,,,,,,,
SCERM44_2015_2016_Dry_ALL,,,,,,,,,,,,,,,,,,,,,,,,,,,,,,,,,,,,,,,,,,,,,,,,,,,,,,,,,,,,,,,,,,,,,,,,,,,,,,,,,,,,,,,,6.9104,7.3353,7.3076,7.4092,8.5929,8.6339,7.3210,6.9382,7.4466,6.5365,6.5134,6.4029,6.6356,,,,,,,,,,,,,,,,,,,,,,,,,
SCERM44_2015_2016_Target_ALL,,,,,,,,,,,,,,,,,,,,,,,,,,,,,,,,,,,,,,,,,,,,,,,,,,,,,,,,,,,,,,,,,,,,,,,,,,,,,,,,,,,,,,,,7.0744,7.5499,7.3773,7.7117,8.8648,8.9182,7.6571,7.2880,7.7663,6.6712,6.5634,6.5971,6.8541,,,,,,,,,,,,,,,,,,,,,,,,,
SCERM44_2017_2018_ALL,,,,,,,,,,,,,,,,,,,,,,,,,,,,,,,,,,,,,,,,,,,,,,,,,,,,,,,,,,,,,,,,,,,,,,,,,,,,,,,,,,,,,,,,,,,,,,,,,,,,,,,,,,,,,,,,7.1883,6.8159,6.7197,8.2403,8.9855,8.3960,8.7822,7.4086,7.1062,6.8626,7.1485,7.0635,6.9296,
SCERM44_2017_2018_Wet_ALL,,,,,,,,,,,,,,,,,,,,,,,,,,,,,,,,,,,,,,,,,,,,,,,,,,,,,,,,,,,,,,,,,,,,,,,,,,,,,,,,,,,,,,,,,,,,,,,,,,,,,,,,,,,,,,,,6.9014,6.5296,6.3751,8.0139,8.9391,7.9588,8.4957,7.0617,6.8674,6.6701,6.9542,6.9169,6.7895,
SCERM8_2015_2016_ALL,,,,,,,,,,,,,,,,,,,,,,,,,,,,,,,,,,,,,,,,,,,,,,,,,,,,,,,,,,,,,,,,,,,,,,,,,,,,,,,,,,,,,,,,6.8706,7.2689,7.4103,7.6132,8.7215,8.6646,7.4538,7.0939,7.3147,6.4501,6.2294,6.1537,6.3218,,,,,,,,,,,,,,,,,,,,,,,,,
SCERM8_2017_2018_ALL,,,,,,,,,,,,,,,,,,,,,,,,,,,,,,,,,,,,,,,,,,,,,,,,,,,,,,,,,,,,,,,,,,,,,,,,,,,,,,,,,,,,,,,,,,,,,,,,,,,,,,,,,,,,,,,,7.1758,6.9812,7.0111,8.4350,9.2463,8.6456,8.8053,7.3556,7.0439,6.7066,6.9619,6.9074,6.6933,




Zone7,Surface
Simulations,01/2008,02/2008,03/2008,04/2008,05/2008,06/2008,07/2008,08/2008,09/2008,10/2008,11/2008,12/2008,01/2009,02/2009,03/2009,04/2009,05/2009,06/2009,07/2009,08/2009,09/2009,10/2009,11/2009,12/2009,01/2010,02/2010,03/2010,04/2010,05/2010,06/2010,07/2010,08/2010,09/2010,10/2010,11/2010,12/2010,01/2011,02/2011,03/2011,04/2011,05/2011,06/2011,07/2011,08/2011,09/2011,10/2011,11/2011,12/2011,01/2012,02/2012,03/2012,04/2012,05/2012,06/2012,07/2012,08/2012,09/2012,10/2012,11/2012,12/2012,01/2013,02/2013,03/2013,04/2013,05/2013,06/2013,07/2013,08/2013,09/2013,10/2013,11/2013,12/2013,01/2014,02/2014,03/2014,04/2014,05/2014,06/2014,07/2014,08/2014,09/2014,10/2014,11/2014,12/2014,01/2015,02/2015,03/2015,04/2015,05/2015,06/2015,07/2015,08/2015,09/2015,10/2015,11/2015,12/2015,01/2016,02/2016,03/2016,04/2016,05/2016,06/2016,07/2016,08/2016,09/2016,10/2016,11/2016,12/2016,01/2017,02/2017,03/2017,04/2017,05/2017,06/2017,07/2017,08/2017,09/2017,10/2017,11/2017,12/2017,01/2018,02/2018,03/2018,04/2018,
SCERM44_2015_2016_ALL,,,,,,,,,,,,,,,,,,,,,,,,,,,,,,,,,,,,,,,,,,,,,,,,,,,,,,,,,,,,,,,,,,,,,,,,,,,,,,,,,,,,,,,,6.8305,7.3372,7.8280,8.2655,8.6382,8.9122,7.7642,7.1467,7.0634,6.5690,6.7362,6.7019,7.1384,,,,,,,,,,,,,,,,,,,,,,,,,
SCERM44_2015_2016_Capped_ALL,,,,,,,,,,,,,,,,,,,,,,,,,,,,,,,,,,,,,,,,,,,,,,,,,,,,,,,,,,,,,,,,,,,,,,,,,,,,,,,,,,,,,,,,6.8251,7.3115,7.7114,8.0515,8.5533,8.5370,7.6089,7.0360,7.0329,6.5506,6.7213,6.6934,7.0900,,,,,,,,,,,,,,,,,,,,,,,,,
SCERM44_2015_2016_Dry_ALL,,,,,,,,,,,,,,,,,,,,,,,,,,,,,,,,,,,,,,,,,,,,,,,,,,,,,,,,,,,,,,,,,,,,,,,,,,,,,,,,,,,,,,,,6.7823,7.2666,7.5697,7.7548,8.3057,8.1927,7.3955,6.8544,6.9523,6.5160,6.7142,6.5156,6.9091,,,,,,,,,,,,,,,,,,,,,,,,,
SCERM44_2015_2016_Target_ALL,,,,,,,,,,,,,,,,,,,,,,,,,,,,,,,,,,,,,,,,,,,,,,,,,,,,,,,,,,,,,,,,,,,,,,,,,,,,,,,,,,,,,,,,6.8298,7.3296,7.7878,8.1964,8.6109,8.6975,7.6841,7.0898,7.0507,6.5638,6.7323,6.7019,7.1165,,,,,,,,,,,,,,,,,,,,,,,,,
SCERM44_2017_2018_ALL,,,,,,,,,,,,,,,,,,,,,,,,,,,,,,,,,,,,,,,,,,,,,,,,,,,,,,,,,,,,,,,,,,,,,,,,,,,,,,,,,,,,,,,,,,,,,,,,,,,,,,,,,,,,,,,,6.8721,6.9016,7.2387,8.2165,9.1863,8.0047,8.0018,7.3061,6.8097,6.4255,6.7550,6.7334,6.7633,
SCERM44_2017_2018_Wet_ALL,,,,,,,,,,,,,,,,,,,,,,,,,,,,,,,,,,,,,,,,,,,,,,,,,,,,,,,,,,,,,,,,,,,,,,,,,,,,,,,,,,,,,,,,,,,,,,,,,,,,,,,,,,,,,,,,6.7929,6.9277,7.2914,8.1561,9.1501,7.7926,7.8586,7.1493,6.7386,6.3770,6.7585,6.7154,6.7290,
SCERM8_2015_2016_ALL,,,,,,,,,,,,,,,,,,,,,,,,,,,,,,,,,,,,,,,,,,,,,,,,,,,,,,,,,,,,,,,,,,,,,,,,,,,,,,,,,,,,,,,,6.7810,7.2880,7.5172,7.6121,8.3401,8.2402,7.4225,6.8973,6.9790,6.5373,6.6530,6.5501,6.8758,,,,,,,,,,,,,,,,,,,,,,,,,
SCERM8_2017_2018_ALL,,,,,,,,,,,,,,,,,,,,,,,,,,,,,,,,,,,,,,,,,,,,,,,,,,,,,,,,,,,,,,,,,,,,,,,,,,,,,,,,,,,,,,,,,,,,,,,,,,,,,,,,,,,,,,,,6.8564,6.7175,6.8976,8.0536,9.0694,8.1766,8.1896,7.1314,6.7448,6.4263,6.6983,6.7121,6.7779,


Zone7,Bottom
Simulations,01/2008,02/2008,03/2008,04/2008,05/2008,06/2008,07/2008,08/2008,09/2008,10/2008,11/2008,12/2008,01/2009,02/2009,03/2009,04/2009,05/2009,06/2009,07/2009,08/2009,09/2009,10/2009,11/2009,12/2009,01/2010,02/2010,03/2010,04/2010,05/2010,06/2010,07/2010,08/2010,09/2010,10/2010,11/2010,12/2010,01/2011,02/2011,03/2011,04/2011,05/2011,06/2011,07/2011,08/2011,09/2011,10/2011,11/2011,12/2011,01/2012,02/2012,03/2012,04/2012,05/2012,06/2012,07/2012,08/2012,09/2012,10/2012,11/2012,12/2012,01/2013,02/2013,03/2013,04/2013,05/2013,06/2013,07/2013,08/2013,09/2013,10/2013,11/2013,12/2013,01/2014,02/2014,03/2014,04/2014,05/2014,06/2014,07/2014,08/2014,09/2014,10/2014,11/2014,12/2014,01/2015,02/2015,03/2015,04/2015,05/2015,06/2015,07/2015,08/2015,09/2015,10/2015,11/2015,12/2015,01/2016,02/2016,03/2016,04/2016,05/2016,06/2016,07/2016,08/2016,09/2016,10/2016,11/2016,12/2016,01/2017,02/2017,03/2017,04/2017,05/2017,06/2017,07/2017,08/2017,09/2017,10/2017,11/2017,12/2017,01/2018,02/2018,03/2018,04/2018,
SCERM44_2015_2016_ALL,,,,,,,,,,,,,,,,,,,,,,,,,,,,,,,,,,,,,,,,,,,,,,,,,,,,,,,,,,,,,,,,,,,,,,,,,,,,,,,,,,,,,,,,6.5952,6.9707,6.9936,6.8784,7.4193,7.7632,6.6422,6.1929,6.7264,6.3709,6.5278,6.6593,7.0630,,,,,,,,,,,,,,,,,,,,,,,,,
SCERM44_2015_2016_Capped_ALL,,,,,,,,,,,,,,,,,,,,,,,,,,,,,,,,,,,,,,,,,,,,,,,,,,,,,,,,,,,,,,,,,,,,,,,,,,,,,,,,,,,,,,,,6.5913,6.9495,6.9095,6.7155,7.3198,7.3632,6.4621,6.0634,6.6951,6.3571,6.5200,6.6524,7.0389,,,,,,,,,,,,,,,,,,,,,,,,,
SCERM44_2015_2016_Dry_ALL,,,,,,,,,,,,,,,,,,,,,,,,,,,,,,,,,,,,,,,,,,,,,,,,,,,,,,,,,,,,,,,,,,,,,,,,,,,,,,,,,,,,,,,,6.6536,7.0947,7.0459,6.8700,7.6392,7.3482,6.5395,6.2008,6.8092,6.4241,6.5929,6.4316,6.8427,,,,,,,,,,,,,,,,,,,,,,,,,
SCERM44_2015_2016_Target_ALL,,,,,,,,,,,,,,,,,,,,,,,,,,,,,,,,,,,,,,,,,,,,,,,,,,,,,,,,,,,,,,,,,,,,,,,,,,,,,,,,,,,,,,,,6.5946,6.9637,6.9598,6.8099,7.3816,7.5366,6.5485,6.1266,6.7127,6.3646,6.5238,6.6597,7.0401,,,,,,,,,,,,,,,,,,,,,,,,,
SCERM44_2017_2018_ALL,,,,,,,,,,,,,,,,,,,,,,,,,,,,,,,,,,,,,,,,,,,,,,,,,,,,,,,,,,,,,,,,,,,,,,,,,,,,,,,,,,,,,,,,,,,,,,,,,,,,,,,,,,,,,,,,5.1882,5.5754,5.8935,6.8188,7.3554,6.4265,6.6818,6.3452,6.2087,6.2104,6.2597,6.4930,6.6360,
SCERM44_2017_2018_Wet_ALL,,,,,,,,,,,,,,,,,,,,,,,,,,,,,,,,,,,,,,,,,,,,,,,,,,,,,,,,,,,,,,,,,,,,,,,,,,,,,,,,,,,,,,,,,,,,,,,,,,,,,,,,,,,,,,,,4.8875,5.3681,5.6967,6.5655,6.9317,5.9931,6.5494,6.1834,6.1748,6.1454,6.2189,6.4329,6.5864,
SCERM8_2015_2016_ALL,,,,,,,,,,,,,,,,,,,,,,,,,,,,,,,,,,,,,,,,,,,,,,,,,,,,,,,,,,,,,,,,,,,,,,,,,,,,,,,,,,,,,,,,6.6832,7.2192,7.2241,6.9424,7.7419,7.5763,6.6873,6.3687,6.8798,6.4897,6.5771,6.4451,6.7029,,,,,,,,,,,,,,,,,,,,,,,,,
SCERM8_2017_2018_ALL,,,,,,,,,,,,,,,,,,,,,,,,,,,,,,,,,,,,,,,,,,,,,,,,,,,,,,,,,,,,,,,,,,,,,,,,,,,,,,,,,,,,,,,,,,,,,,,,,,,,,,,,,,,,,,,,5.2989,5.6285,6.0529,7.3219,7.8341,6.7622,7.2098,6.3355,6.3615,6.3478,6.4073,6.5607,6.7691,




Zone8,Surface
Simulations,01/2008,02/2008,03/2008,04/2008,05/2008,06/2008,07/2008,08/2008,09/2008,10/2008,11/2008,12/2008,01/2009,02/2009,03/2009,04/2009,05/2009,06/2009,07/2009,08/2009,09/2009,10/2009,11/2009,12/2009,01/2010,02/2010,03/2010,04/2010,05/2010,06/2010,07/2010,08/2010,09/2010,10/2010,11/2010,12/2010,01/2011,02/2011,03/2011,04/2011,05/2011,06/2011,07/2011,08/2011,09/2011,10/2011,11/2011,12/2011,01/2012,02/2012,03/2012,04/2012,05/2012,06/2012,07/2012,08/2012,09/2012,10/2012,11/2012,12/2012,01/2013,02/2013,03/2013,04/2013,05/2013,06/2013,07/2013,08/2013,09/2013,10/2013,11/2013,12/2013,01/2014,02/2014,03/2014,04/2014,05/2014,06/2014,07/2014,08/2014,09/2014,10/2014,11/2014,12/2014,01/2015,02/2015,03/2015,04/2015,05/2015,06/2015,07/2015,08/2015,09/2015,10/2015,11/2015,12/2015,01/2016,02/2016,03/2016,04/2016,05/2016,06/2016,07/2016,08/2016,09/2016,10/2016,11/2016,12/2016,01/2017,02/2017,03/2017,04/2017,05/2017,06/2017,07/2017,08/2017,09/2017,10/2017,11/2017,12/2017,01/2018,02/2018,03/2018,04/2018,
SCERM44_2015_2016_ALL,,,,,,,,,,,,,,,,,,,,,,,,,,,,,,,,,,,,,,,,,,,,,,,,,,,,,,,,,,,,,,,,,,,,,,,,,,,,,,,,,,,,,,,,6.7400,7.3364,7.7601,8.2053,8.4785,8.6599,7.7022,7.1356,6.9162,6.5815,6.7298,6.6474,7.0336,,,,,,,,,,,,,,,,,,,,,,,,,
SCERM44_2015_2016_Capped_ALL,,,,,,,,,,,,,,,,,,,,,,,,,,,,,,,,,,,,,,,,,,,,,,,,,,,,,,,,,,,,,,,,,,,,,,,,,,,,,,,,,,,,,,,,6.7370,7.3188,7.6781,8.0220,8.3802,8.3217,7.5844,7.0473,6.8913,6.5645,6.7129,6.6342,7.0042,,,,,,,,,,,,,,,,,,,,,,,,,
SCERM44_2015_2016_Dry_ALL,,,,,,,,,,,,,,,,,,,,,,,,,,,,,,,,,,,,,,,,,,,,,,,,,,,,,,,,,,,,,,,,,,,,,,,,,,,,,,,,,,,,,,,,6.6999,7.2773,7.5943,7.7931,8.1945,8.0164,7.4042,6.8739,6.8456,6.5203,6.6708,6.6203,6.9668,,,,,,,,,,,,,,,,,,,,,,,,,
SCERM44_2015_2016_Target_ALL,,,,,,,,,,,,,,,,,,,,,,,,,,,,,,,,,,,,,,,,,,,,,,,,,,,,,,,,,,,,,,,,,,,,,,,,,,,,,,,,,,,,,,,,6.7394,7.3304,7.7269,8.1319,8.4404,8.4490,7.6409,7.0903,6.9051,6.5755,6.7246,6.6435,7.0223,,,,,,,,,,,,,,,,,,,,,,,,,
SCERM44_2017_2018_ALL,,,,,,,,,,,,,,,,,,,,,,,,,,,,,,,,,,,,,,,,,,,,,,,,,,,,,,,,,,,,,,,,,,,,,,,,,,,,,,,,,,,,,,,,,,,,,,,,,,,,,,,,,,,,,,,,6.6866,6.8144,7.2656,8.0119,9.0319,8.0562,7.8874,7.2622,6.7058,6.3796,6.7166,6.6918,6.7669,
SCERM44_2017_2018_Wet_ALL,,,,,,,,,,,,,,,,,,,,,,,,,,,,,,,,,,,,,,,,,,,,,,,,,,,,,,,,,,,,,,,,,,,,,,,,,,,,,,,,,,,,,,,,,,,,,,,,,,,,,,,,,,,,,,,,6.6176,6.8360,7.3416,8.0264,9.0401,7.8448,7.7627,7.1281,6.6549,6.3474,6.7416,6.6940,6.7483,
SCERM8_2015_2016_ALL,,,,,,,,,,,,,,,,,,,,,,,,,,,,,,,,,,,,,,,,,,,,,,,,,,,,,,,,,,,,,,,,,,,,,,,,,,,,,,,,,,,,,,,,6.6934,7.2634,7.5664,7.6889,8.2380,8.1019,7.4752,6.9048,6.8526,6.5051,6.6412,6.5979,6.9452,,,,,,,,,,,,,,,,,,,,,,,,,
SCERM8_2017_2018_ALL,,,,,,,,,,,,,,,,,,,,,,,,,,,,,,,,,,,,,,,,,,,,,,,,,,,,,,,,,,,,,,,,,,,,,,,,,,,,,,,,,,,,,,,,,,,,,,,,,,,,,,,,,,,,,,,,6.6817,6.5966,6.9231,7.8431,8.8910,8.1533,8.0945,7.1464,6.6638,6.3702,6.6733,6.6795,6.7536,


Zone8,Bottom
Simulations,01/2008,02/2008,03/2008,04/2008,05/2008,06/2008,07/2008,08/2008,09/2008,10/2008,11/2008,12/2008,01/2009,02/2009,03/2009,04/2009,05/2009,06/2009,07/2009,08/2009,09/2009,10/2009,11/2009,12/2009,01/2010,02/2010,03/2010,04/2010,05/2010,06/2010,07/2010,08/2010,09/2010,10/2010,11/2010,12/2010,01/2011,02/2011,03/2011,04/2011,05/2011,06/2011,07/2011,08/2011,09/2011,10/2011,11/2011,12/2011,01/2012,02/2012,03/2012,04/2012,05/2012,06/2012,07/2012,08/2012,09/2012,10/2012,11/2012,12/2012,01/2013,02/2013,03/2013,04/2013,05/2013,06/2013,07/2013,08/2013,09/2013,10/2013,11/2013,12/2013,01/2014,02/2014,03/2014,04/2014,05/2014,06/2014,07/2014,08/2014,09/2014,10/2014,11/2014,12/2014,01/2015,02/2015,03/2015,04/2015,05/2015,06/2015,07/2015,08/2015,09/2015,10/2015,11/2015,12/2015,01/2016,02/2016,03/2016,04/2016,05/2016,06/2016,07/2016,08/2016,09/2016,10/2016,11/2016,12/2016,01/2017,02/2017,03/2017,04/2017,05/2017,06/2017,07/2017,08/2017,09/2017,10/2017,11/2017,12/2017,01/2018,02/2018,03/2018,04/2018,
SCERM44_2015_2016_ALL,,,,,,,,,,,,,,,,,,,,,,,,,,,,,,,,,,,,,,,,,,,,,,,,,,,,,,,,,,,,,,,,,,,,,,,,,,,,,,,,,,,,,,,,6.5753,7.0591,7.1904,6.9082,7.3945,7.0290,6.4490,6.0151,6.6219,6.3946,6.4854,6.5897,6.9643,,,,,,,,,,,,,,,,,,,,,,,,,
SCERM44_2015_2016_Capped_ALL,,,,,,,,,,,,,,,,,,,,,,,,,,,,,,,,,,,,,,,,,,,,,,,,,,,,,,,,,,,,,,,,,,,,,,,,,,,,,,,,,,,,,,,,6.5761,7.0478,7.1446,6.8298,7.3148,6.8015,6.3351,5.9271,6.6011,6.3835,6.4766,6.5791,6.9515,,,,,,,,,,,,,,,,,,,,,,,,,
SCERM44_2015_2016_Dry_ALL,,,,,,,,,,,,,,,,,,,,,,,,,,,,,,,,,,,,,,,,,,,,,,,,,,,,,,,,,,,,,,,,,,,,,,,,,,,,,,,,,,,,,,,,6.6106,7.1059,7.2643,7.1491,7.7822,7.2691,6.6656,6.1475,6.7105,6.4049,6.5274,6.5350,6.7093,,,,,,,,,,,,,,,,,,,,,,,,,
SCERM44_2015_2016_Target_ALL,,,,,,,,,,,,,,,,,,,,,,,,,,,,,,,,,,,,,,,,,,,,,,,,,,,,,,,,,,,,,,,,,,,,,,,,,,,,,,,,,,,,,,,,6.5748,7.0542,7.1671,6.8609,7.3569,6.8972,6.3895,5.9695,6.6105,6.3882,6.4796,6.5857,6.9526,,,,,,,,,,,,,,,,,,,,,,,,,
SCERM44_2017_2018_ALL,,,,,,,,,,,,,,,,,,,,,,,,,,,,,,,,,,,,,,,,,,,,,,,,,,,,,,,,,,,,,,,,,,,,,,,,,,,,,,,,,,,,,,,,,,,,,,,,,,,,,,,,,,,,,,,,4.4037,4.9687,5.7896,6.8774,7.1788,5.4959,6.0540,5.9589,5.9799,6.0309,6.2129,6.4437,6.4805,
SCERM44_2017_2018_Wet_ALL,,,,,,,,,,,,,,,,,,,,,,,,,,,,,,,,,,,,,,,,,,,,,,,,,,,,,,,,,,,,,,,,,,,,,,,,,,,,,,,,,,,,,,,,,,,,,,,,,,,,,,,,,,,,,,,,4.1879,4.8366,5.5914,6.6457,6.7562,5.1558,6.0764,5.9661,5.9934,5.9909,6.1294,6.4077,6.4262,
SCERM8_2015_2016_ALL,,,,,,,,,,,,,,,,,,,,,,,,,,,,,,,,,,,,,,,,,,,,,,,,,,,,,,,,,,,,,,,,,,,,,,,,,,,,,,,,,,,,,,,,6.6084,7.1838,7.3481,7.1829,7.7368,7.1203,6.5888,6.1368,6.7283,6.4233,6.5230,6.4746,6.5947,,,,,,,,,,,,,,,,,,,,,,,,,
SCERM8_2017_2018_ALL,,,,,,,,,,,,,,,,,,,,,,,,,,,,,,,,,,,,,,,,,,,,,,,,,,,,,,,,,,,,,,,,,,,,,,,,,,,,,,,,,,,,,,,,,,,,,,,,,,,,,,,,,,,,,,,,4.4528,5.0059,6.2958,7.3528,7.4325,5.7071,6.4831,6.0152,6.0233,6.0852,6.3214,6.4944,6.6592,




Zone9,Surface
Simulations,01/2008,02/2008,03/2008,04/2008,05/2008,06/2008,07/2008,08/2008,09/2008,10/2008,11/2008,12/2008,01/2009,02/2009,03/2009,04/2009,05/2009,06/2009,07/2009,08/2009,09/2009,10/2009,11/2009,12/2009,01/2010,02/2010,03/2010,04/2010,05/2010,06/2010,07/2010,08/2010,09/2010,10/2010,11/2010,12/2010,01/2011,02/2011,03/2011,04/2011,05/2011,06/2011,07/2011,08/2011,09/2011,10/2011,11/2011,12/2011,01/2012,02/2012,03/2012,04/2012,05/2012,06/2012,07/2012,08/2012,09/2012,10/2012,11/2012,12/2012,01/2013,02/2013,03/2013,04/2013,05/2013,06/2013,07/2013,08/2013,09/2013,10/2013,11/2013,12/2013,01/2014,02/2014,03/2014,04/2014,05/2014,06/2014,07/2014,08/2014,09/2014,10/2014,11/2014,12/2014,01/2015,02/2015,03/2015,04/2015,05/2015,06/2015,07/2015,08/2015,09/2015,10/2015,11/2015,12/2015,01/2016,02/2016,03/2016,04/2016,05/2016,06/2016,07/2016,08/2016,09/2016,10/2016,11/2016,12/2016,01/2017,02/2017,03/2017,04/2017,05/2017,06/2017,07/2017,08/2017,09/2017,10/2017,11/2017,12/2017,01/2018,02/2018,03/2018,04/2018,
SCERM44_2015_2016_ALL,,,,,,,,,,,,,,,,,,,,,,,,,,,,,,,,,,,,,,,,,,,,,,,,,,,,,,,,,,,,,,,,,,,,,,,,,,,,,,,,,,,,,,,,6.6315,7.3089,7.6622,8.0342,8.3910,8.2612,7.5962,7.1053,6.9146,6.5628,6.6834,6.5921,7.0387,,,,,,,,,,,,,,,,,,,,,,,,,
SCERM44_2015_2016_Capped_ALL,,,,,,,,,,,,,,,,,,,,,,,,,,,,,,,,,,,,,,,,,,,,,,,,,,,,,,,,,,,,,,,,,,,,,,,,,,,,,,,,,,,,,,,,6.6299,7.2996,7.6148,7.9357,8.3398,8.1175,7.5247,7.0532,6.8951,6.5475,6.6694,6.5809,7.0262,,,,,,,,,,,,,,,,,,,,,,,,,
SCERM44_2015_2016_Dry_ALL,,,,,,,,,,,,,,,,,,,,,,,,,,,,,,,,,,,,,,,,,,,,,,,,,,,,,,,,,,,,,,,,,,,,,,,,,,,,,,,,,,,,,,,,6.6066,7.2398,7.5609,7.7223,8.0812,7.8652,7.3794,6.8888,6.7965,6.4888,6.6163,6.5746,6.9225,,,,,,,,,,,,,,,,,,,,,,,,,
SCERM44_2015_2016_Target_ALL,,,,,,,,,,,,,,,,,,,,,,,,,,,,,,,,,,,,,,,,,,,,,,,,,,,,,,,,,,,,,,,,,,,,,,,,,,,,,,,,,,,,,,,,6.6313,7.3052,7.6405,7.9881,8.3679,8.1832,7.5605,7.0800,6.9066,6.5572,6.6787,6.5882,7.0334,,,,,,,,,,,,,,,,,,,,,,,,,
SCERM44_2017_2018_ALL,,,,,,,,,,,,,,,,,,,,,,,,,,,,,,,,,,,,,,,,,,,,,,,,,,,,,,,,,,,,,,,,,,,,,,,,,,,,,,,,,,,,,,,,,,,,,,,,,,,,,,,,,,,,,,,,6.7921,7.0218,7.3337,7.8438,8.8535,8.1793,7.9022,7.3323,6.8010,6.4499,6.7453,6.6794,6.7912,
SCERM44_2017_2018_Wet_ALL,,,,,,,,,,,,,,,,,,,,,,,,,,,,,,,,,,,,,,,,,,,,,,,,,,,,,,,,,,,,,,,,,,,,,,,,,,,,,,,,,,,,,,,,,,,,,,,,,,,,,,,,,,,,,,,,6.7380,6.9453,7.3744,7.8548,8.8293,7.9583,7.7758,7.1685,6.7318,6.4114,6.8221,6.6799,6.7544,
SCERM8_2015_2016_ALL,,,,,,,,,,,,,,,,,,,,,,,,,,,,,,,,,,,,,,,,,,,,,,,,,,,,,,,,,,,,,,,,,,,,,,,,,,,,,,,,,,,,,,,,6.6091,7.2246,7.5930,7.7118,8.3421,8.0342,7.4940,6.9526,6.8264,6.4908,6.5973,6.5504,6.9186,,,,,,,,,,,,,,,,,,,,,,,,,
SCERM8_2017_2018_ALL,,,,,,,,,,,,,,,,,,,,,,,,,,,,,,,,,,,,,,,,,,,,,,,,,,,,,,,,,,,,,,,,,,,,,,,,,,,,,,,,,,,,,,,,,,,,,,,,,,,,,,,,,,,,,,,,6.7987,6.6140,6.8622,7.7718,8.7745,8.0965,7.9773,7.2933,6.8213,6.4777,6.7342,6.6936,6.7995,


Zone9,Bottom
Simulations,01/2008,02/2008,03/2008,04/2008,05/2008,06/2008,07/2008,08/2008,09/2008,10/2008,11/2008,12/2008,01/2009,02/2009,03/2009,04/2009,05/2009,06/2009,07/2009,08/2009,09/2009,10/2009,11/2009,12/2009,01/2010,02/2010,03/2010,04/2010,05/2010,06/2010,07/2010,08/2010,09/2010,10/2010,11/2010,12/2010,01/2011,02/2011,03/2011,04/2011,05/2011,06/2011,07/2011,08/2011,09/2011,10/2011,11/2011,12/2011,01/2012,02/2012,03/2012,04/2012,05/2012,06/2012,07/2012,08/2012,09/2012,10/2012,11/2012,12/2012,01/2013,02/2013,03/2013,04/2013,05/2013,06/2013,07/2013,08/2013,09/2013,10/2013,11/2013,12/2013,01/2014,02/2014,03/2014,04/2014,05/2014,06/2014,07/2014,08/2014,09/2014,10/2014,11/2014,12/2014,01/2015,02/2015,03/2015,04/2015,05/2015,06/2015,07/2015,08/2015,09/2015,10/2015,11/2015,12/2015,01/2016,02/2016,03/2016,04/2016,05/2016,06/2016,07/2016,08/2016,09/2016,10/2016,11/2016,12/2016,01/2017,02/2017,03/2017,04/2017,05/2017,06/2017,07/2017,08/2017,09/2017,10/2017,11/2017,12/2017,01/2018,02/2018,03/2018,04/2018,
SCERM44_2015_2016_ALL,,,,,,,,,,,,,,,,,,,,,,,,,,,,,,,,,,,,,,,,,,,,,,,,,,,,,,,,,,,,,,,,,,,,,,,,,,,,,,,,,,,,,,,,6.4926,7.0369,6.9995,6.5752,7.0627,6.1438,6.0653,5.5985,6.5327,6.2976,6.3528,6.4723,6.6906,,,,,,,,,,,,,,,,,,,,,,,,,
SCERM44_2015_2016_Capped_ALL,,,,,,,,,,,,,,,,,,,,,,,,,,,,,,,,,,,,,,,,,,,,,,,,,,,,,,,,,,,,,,,,,,,,,,,,,,,,,,,,,,,,,,,,6.4954,7.0340,6.9799,6.5388,7.0118,6.0606,5.9945,5.5481,6.5228,6.2921,6.3462,6.4705,6.7012,,,,,,,,,,,,,,,,,,,,,,,,,
SCERM44_2015_2016_Dry_ALL,,,,,,,,,,,,,,,,,,,,,,,,,,,,,,,,,,,,,,,,,,,,,,,,,,,,,,,,,,,,,,,,,,,,,,,,,,,,,,,,,,,,,,,,6.5075,7.0858,7.2154,6.9786,7.6561,6.9437,6.4917,6.0432,6.6661,6.3361,6.3527,6.4656,6.8059,,,,,,,,,,,,,,,,,,,,,,,,,
SCERM44_2015_2016_Target_ALL,,,,,,,,,,,,,,,,,,,,,,,,,,,,,,,,,,,,,,,,,,,,,,,,,,,,,,,,,,,,,,,,,,,,,,,,,,,,,,,,,,,,,,,,6.4925,7.0336,6.9838,6.5474,7.0332,6.1019,6.0279,5.5708,6.5245,6.2918,6.3477,6.4684,6.6861,,,,,,,,,,,,,,,,,,,,,,,,,
SCERM44_2017_2018_ALL,,,,,,,,,,,,,,,,,,,,,,,,,,,,,,,,,,,,,,,,,,,,,,,,,,,,,,,,,,,,,,,,,,,,,,,,,,,,,,,,,,,,,,,,,,,,,,,,,,,,,,,,,,,,,,,,3.5879,4.4531,5.6132,6.7195,6.7663,4.5985,5.0515,5.5120,5.7254,5.9018,6.0822,6.3472,6.4258,
SCERM44_2017_2018_Wet_ALL,,,,,,,,,,,,,,,,,,,,,,,,,,,,,,,,,,,,,,,,,,,,,,,,,,,,,,,,,,,,,,,,,,,,,,,,,,,,,,,,,,,,,,,,,,,,,,,,,,,,,,,,,,,,,,,,3.4795,4.4267,5.4386,6.5185,6.4356,4.4233,5.2400,5.6055,5.7899,5.8683,5.9554,6.3128,6.4417,
SCERM8_2015_2016_ALL,,,,,,,,,,,,,,,,,,,,,,,,,,,,,,,,,,,,,,,,,,,,,,,,,,,,,,,,,,,,,,,,,,,,,,,,,,,,,,,,,,,,,,,,6.5020,7.1163,7.3520,7.0623,7.5496,6.5119,6.3361,5.8923,6.6483,6.3183,6.3469,6.4504,6.8103,,,,,,,,,,,,,,,,,,,,,,,,,
SCERM8_2017_2018_ALL,,,,,,,,,,,,,,,,,,,,,,,,,,,,,,,,,,,,,,,,,,,,,,,,,,,,,,,,,,,,,,,,,,,,,,,,,,,,,,,,,,,,,,,,,,,,,,,,,,,,,,,,,,,,,,,,3.5918,4.7985,6.4013,7.2113,7.0862,4.7879,5.4173,5.6425,5.6854,5.8106,6.1188,6.3104,6.2970,




Zone10,Surface
Simulations,01/2008,02/2008,03/2008,04/2008,05/2008,06/2008,07/2008,08/2008,09/2008,10/2008,11/2008,12/2008,01/2009,02/2009,03/2009,04/2009,05/2009,06/2009,07/2009,08/2009,09/2009,10/2009,11/2009,12/2009,01/2010,02/2010,03/2010,04/2010,05/2010,06/2010,07/2010,08/2010,09/2010,10/2010,11/2010,12/2010,01/2011,02/2011,03/2011,04/2011,05/2011,06/2011,07/2011,08/2011,09/2011,10/2011,11/2011,12/2011,01/2012,02/2012,03/2012,04/2012,05/2012,06/2012,07/2012,08/2012,09/2012,10/2012,11/2012,12/2012,01/2013,02/2013,03/2013,04/2013,05/2013,06/2013,07/2013,08/2013,09/2013,10/2013,11/2013,12/2013,01/2014,02/2014,03/2014,04/2014,05/2014,06/2014,07/2014,08/2014,09/2014,10/2014,11/2014,12/2014,01/2015,02/2015,03/2015,04/2015,05/2015,06/2015,07/2015,08/2015,09/2015,10/2015,11/2015,12/2015,01/2016,02/2016,03/2016,04/2016,05/2016,06/2016,07/2016,08/2016,09/2016,10/2016,11/2016,12/2016,01/2017,02/2017,03/2017,04/2017,05/2017,06/2017,07/2017,08/2017,09/2017,10/2017,11/2017,12/2017,01/2018,02/2018,03/2018,04/2018,
SCERM44_2015_2016_ALL,,,,,,,,,,,,,,,,,,,,,,,,,,,,,,,,,,,,,,,,,,,,,,,,,,,,,,,,,,,,,,,,,,,,,,,,,,,,,,,,,,,,,,,,6.6272,7.3281,7.8326,8.1973,8.4001,8.3753,7.6774,7.1710,6.9513,6.6837,6.7600,6.7477,6.9915,,,,,,,,,,,,,,,,,,,,,,,,,
SCERM44_2015_2016_Capped_ALL,,,,,,,,,,,,,,,,,,,,,,,,,,,,,,,,,,,,,,,,,,,,,,,,,,,,,,,,,,,,,,,,,,,,,,,,,,,,,,,,,,,,,,,,6.6235,7.3223,7.7918,8.1072,8.3327,8.2480,7.6097,7.1235,6.9324,6.6696,6.7498,6.7396,6.9869,,,,,,,,,,,,,,,,,,,,,,,,,
SCERM44_2015_2016_Dry_ALL,,,,,,,,,,,,,,,,,,,,,,,,,,,,,,,,,,,,,,,,,,,,,,,,,,,,,,,,,,,,,,,,,,,,,,,,,,,,,,,,,,,,,,,,6.6078,7.2552,7.6739,7.8908,8.0907,7.9751,7.4719,7.0289,6.8592,6.6252,6.7393,6.7392,6.9978,,,,,,,,,,,,,,,,,,,,,,,,,
SCERM44_2015_2016_Target_ALL,,,,,,,,,,,,,,,,,,,,,,,,,,,,,,,,,,,,,,,,,,,,,,,,,,,,,,,,,,,,,,,,,,,,,,,,,,,,,,,,,,,,,,,,6.6272,7.3250,7.8124,8.1525,8.3685,8.3057,7.6419,7.1463,6.9434,6.6785,6.7555,6.7437,6.9875,,,,,,,,,,,,,,,,,,,,,,,,,
SCERM44_2017_2018_ALL,,,,,,,,,,,,,,,,,,,,,,,,,,,,,,,,,,,,,,,,,,,,,,,,,,,,,,,,,,,,,,,,,,,,,,,,,,,,,,,,,,,,,,,,,,,,,,,,,,,,,,,,,,,,,,,,6.8819,7.2573,7.7199,7.9726,8.8460,8.1691,7.9455,7.3817,6.9056,6.5739,6.8026,6.7376,6.8184,
SCERM44_2017_2018_Wet_ALL,,,,,,,,,,,,,,,,,,,,,,,,,,,,,,,,,,,,,,,,,,,,,,,,,,,,,,,,,,,,,,,,,,,,,,,,,,,,,,,,,,,,,,,,,,,,,,,,,,,,,,,,,,,,,,,,6.7927,7.2179,7.7401,7.9886,8.8718,7.9794,7.8436,7.2557,6.8384,6.5355,6.8648,6.7455,6.7879,
SCERM8_2015_2016_ALL,,,,,,,,,,,,,,,,,,,,,,,,,,,,,,,,,,,,,,,,,,,,,,,,,,,,,,,,,,,,,,,,,,,,,,,,,,,,,,,,,,,,,,,,6.6171,7.2481,7.6285,7.8351,8.2763,8.1588,7.5628,7.0543,6.8768,6.6168,6.7047,6.6911,6.9354,,,,,,,,,,,,,,,,,,,,,,,,,
SCERM8_2017_2018_ALL,,,,,,,,,,,,,,,,,,,,,,,,,,,,,,,,,,,,,,,,,,,,,,,,,,,,,,,,,,,,,,,,,,,,,,,,,,,,,,,,,,,,,,,,,,,,,,,,,,,,,,,,,,,,,,,,6.8774,7.0538,7.1410,7.7962,8.7471,8.0914,8.0753,7.3295,6.9015,6.5754,6.7770,6.7389,6.8413,


Zone10,Bottom
Simulations,01/2008,02/2008,03/2008,04/2008,05/2008,06/2008,07/2008,08/2008,09/2008,10/2008,11/2008,12/2008,01/2009,02/2009,03/2009,04/2009,05/2009,06/2009,07/2009,08/2009,09/2009,10/2009,11/2009,12/2009,01/2010,02/2010,03/2010,04/2010,05/2010,06/2010,07/2010,08/2010,09/2010,10/2010,11/2010,12/2010,01/2011,02/2011,03/2011,04/2011,05/2011,06/2011,07/2011,08/2011,09/2011,10/2011,11/2011,12/2011,01/2012,02/2012,03/2012,04/2012,05/2012,06/2012,07/2012,08/2012,09/2012,10/2012,11/2012,12/2012,01/2013,02/2013,03/2013,04/2013,05/2013,06/2013,07/2013,08/2013,09/2013,10/2013,11/2013,12/2013,01/2014,02/2014,03/2014,04/2014,05/2014,06/2014,07/2014,08/2014,09/2014,10/2014,11/2014,12/2014,01/2015,02/2015,03/2015,04/2015,05/2015,06/2015,07/2015,08/2015,09/2015,10/2015,11/2015,12/2015,01/2016,02/2016,03/2016,04/2016,05/2016,06/2016,07/2016,08/2016,09/2016,10/2016,11/2016,12/2016,01/2017,02/2017,03/2017,04/2017,05/2017,06/2017,07/2017,08/2017,09/2017,10/2017,11/2017,12/2017,01/2018,02/2018,03/2018,04/2018,
SCERM44_2015_2016_ALL,,,,,,,,,,,,,,,,,,,,,,,,,,,,,,,,,,,,,,,,,,,,,,,,,,,,,,,,,,,,,,,,,,,,,,,,,,,,,,,,,,,,,,,,6.5293,7.2138,7.4782,7.3247,7.5093,6.8280,6.8645,6.4591,6.6256,6.4106,6.5743,6.5890,6.8872,,,,,,,,,,,,,,,,,,,,,,,,,
SCERM44_2015_2016_Capped_ALL,,,,,,,,,,,,,,,,,,,,,,,,,,,,,,,,,,,,,,,,,,,,,,,,,,,,,,,,,,,,,,,,,,,,,,,,,,,,,,,,,,,,,,,,6.5303,7.2164,7.4618,7.2786,7.4644,6.7615,6.8155,6.4238,6.6147,6.4064,6.5705,6.6010,6.8967,,,,,,,,,,,,,,,,,,,,,,,,,
SCERM44_2015_2016_Dry_ALL,,,,,,,,,,,,,,,,,,,,,,,,,,,,,,,,,,,,,,,,,,,,,,,,,,,,,,,,,,,,,,,,,,,,,,,,,,,,,,,,,,,,,,,,6.5324,7.1961,7.5458,7.5511,7.8710,7.2105,6.9950,6.6003,6.6962,6.4427,6.5788,6.6464,6.8384,,,,,,,,,,,,,,,,,,,,,,,,,
SCERM44_2015_2016_Target_ALL,,,,,,,,,,,,,,,,,,,,,,,,,,,,,,,,,,,,,,,,,,,,,,,,,,,,,,,,,,,,,,,,,,,,,,,,,,,,,,,,,,,,,,,,6.5292,7.2110,7.4618,7.2965,7.4840,6.7927,6.8382,6.4393,6.6182,6.4059,6.5698,6.5851,6.8833,,,,,,,,,,,,,,,,,,,,,,,,,
SCERM44_2017_2018_ALL,,,,,,,,,,,,,,,,,,,,,,,,,,,,,,,,,,,,,,,,,,,,,,,,,,,,,,,,,,,,,,,,,,,,,,,,,,,,,,,,,,,,,,,,,,,,,,,,,,,,,,,,,,,,,,,,5.2669,5.9919,6.8166,7.2805,7.3982,5.9797,6.1818,6.3812,6.3802,6.2528,6.3051,6.4982,6.5243,
SCERM44_2017_2018_Wet_ALL,,,,,,,,,,,,,,,,,,,,,,,,,,,,,,,,,,,,,,,,,,,,,,,,,,,,,,,,,,,,,,,,,,,,,,,,,,,,,,,,,,,,,,,,,,,,,,,,,,,,,,,,,,,,,,,,5.1772,5.9722,6.7322,7.1899,7.2144,5.8558,6.2555,6.4166,6.3810,6.2289,6.2428,6.4760,6.4977,
SCERM8_2015_2016_ALL,,,,,,,,,,,,,,,,,,,,,,,,,,,,,,,,,,,,,,,,,,,,,,,,,,,,,,,,,,,,,,,,,,,,,,,,,,,,,,,,,,,,,,,,6.5330,7.1957,7.5459,7.5758,7.8089,6.9777,6.9583,6.5453,6.6654,6.4206,6.5416,6.5973,6.8194,,,,,,,,,,,,,,,,,,,,,,,,,
SCERM8_2017_2018_ALL,,,,,,,,,,,,,,,,,,,,,,,,,,,,,,,,,,,,,,,,,,,,,,,,,,,,,,,,,,,,,,,,,,,,,,,,,,,,,,,,,,,,,,,,,,,,,,,,,,,,,,,,,,,,,,,,5.2721,6.0388,6.8585,7.4867,7.5744,6.0921,6.4197,6.4392,6.3780,6.2347,6.3382,6.4918,6.4899,




Zone11,Surface
Simulations,01/2008,02/2008,03/2008,04/2008,05/2008,06/2008,07/2008,08/2008,09/2008,10/2008,11/2008,12/2008,01/2009,02/2009,03/2009,04/2009,05/2009,06/2009,07/2009,08/2009,09/2009,10/2009,11/2009,12/2009,01/2010,02/2010,03/2010,04/2010,05/2010,06/2010,07/2010,08/2010,09/2010,10/2010,11/2010,12/2010,01/2011,02/2011,03/2011,04/2011,05/2011,06/2011,07/2011,08/2011,09/2011,10/2011,11/2011,12/2011,01/2012,02/2012,03/2012,04/2012,05/2012,06/2012,07/2012,08/2012,09/2012,10/2012,11/2012,12/2012,01/2013,02/2013,03/2013,04/2013,05/2013,06/2013,07/2013,08/2013,09/2013,10/2013,11/2013,12/2013,01/2014,02/2014,03/2014,04/2014,05/2014,06/2014,07/2014,08/2014,09/2014,10/2014,11/2014,12/2014,01/2015,02/2015,03/2015,04/2015,05/2015,06/2015,07/2015,08/2015,09/2015,10/2015,11/2015,12/2015,01/2016,02/2016,03/2016,04/2016,05/2016,06/2016,07/2016,08/2016,09/2016,10/2016,11/2016,12/2016,01/2017,02/2017,03/2017,04/2017,05/2017,06/2017,07/2017,08/2017,09/2017,10/2017,11/2017,12/2017,01/2018,02/2018,03/2018,04/2018,
SCERM44_2015_2016_ALL,,,,,,,,,,,,,,,,,,,,,,,,,,,,,,,,,,,,,,,,,,,,,,,,,,,,,,,,,,,,,,,,,,,,,,,,,,,,,,,,,,,,,,,,6.5192,7.2941,7.8265,8.1443,8.3336,8.2701,7.7211,7.2585,7.0026,6.7598,6.8196,6.8517,7.0075,,,,,,,,,,,,,,,,,,,,,,,,,
SCERM44_2015_2016_Capped_ALL,,,,,,,,,,,,,,,,,,,,,,,,,,,,,,,,,,,,,,,,,,,,,,,,,,,,,,,,,,,,,,,,,,,,,,,,,,,,,,,,,,,,,,,,6.5111,7.2824,7.7930,8.0659,8.2623,8.1584,7.6562,7.2147,6.9841,6.7461,6.8087,6.8390,6.9858,,,,,,,,,,,,,,,,,,,,,,,,,
SCERM44_2015_2016_Dry_ALL,,,,,,,,,,,,,,,,,,,,,,,,,,,,,,,,,,,,,,,,,,,,,,,,,,,,,,,,,,,,,,,,,,,,,,,,,,,,,,,,,,,,,,,,6.4929,7.1707,7.5133,7.8668,8.0831,7.9463,7.5567,7.1595,6.9228,6.7062,6.7794,6.8213,6.9731,,,,,,,,,,,,,,,,,,,,,,,,,
SCERM44_2015_2016_Target_ALL,,,,,,,,,,,,,,,,,,,,,,,,,,,,,,,,,,,,,,,,,,,,,,,,,,,,,,,,,,,,,,,,,,,,,,,,,,,,,,,,,,,,,,,,6.5192,7.2915,7.8082,8.1049,8.2994,8.2106,7.6868,7.2353,6.9942,6.7541,6.8150,6.8478,7.0032,,,,,,,,,,,,,,,,,,,,,,,,,
SCERM44_2017_2018_ALL,,,,,,,,,,,,,,,,,,,,,,,,,,,,,,,,,,,,,,,,,,,,,,,,,,,,,,,,,,,,,,,,,,,,,,,,,,,,,,,,,,,,,,,,,,,,,,,,,,,,,,,,,,,,,,,,6.8110,7.3514,7.7961,7.9245,8.6008,8.1320,7.9354,7.4331,6.9676,6.6438,6.8389,6.7971,6.8775,
SCERM44_2017_2018_Wet_ALL,,,,,,,,,,,,,,,,,,,,,,,,,,,,,,,,,,,,,,,,,,,,,,,,,,,,,,,,,,,,,,,,,,,,,,,,,,,,,,,,,,,,,,,,,,,,,,,,,,,,,,,,,,,,,,,,6.7325,7.3344,7.8130,7.9352,8.6428,7.9602,7.8422,7.3132,6.9063,6.6086,6.9011,6.8106,6.8504,
SCERM8_2015_2016_ALL,,,,,,,,,,,,,,,,,,,,,,,,,,,,,,,,,,,,,,,,,,,,,,,,,,,,,,,,,,,,,,,,,,,,,,,,,,,,,,,,,,,,,,,,6.5072,7.1660,7.4505,7.8104,8.1940,8.0934,7.6288,7.1707,6.9337,6.6927,6.7442,6.7459,6.9007,,,,,,,,,,,,,,,,,,,,,,,,,
SCERM8_2017_2018_ALL,,,,,,,,,,,,,,,,,,,,,,,,,,,,,,,,,,,,,,,,,,,,,,,,,,,,,,,,,,,,,,,,,,,,,,,,,,,,,,,,,,,,,,,,,,,,,,,,,,,,,,,,,,,,,,,,6.8023,7.2009,7.2783,7.7437,8.5108,8.0439,8.0458,7.3821,6.9564,6.6394,6.8130,6.7921,6.9056,


Zone11,Bottom
Simulations,01/2008,02/2008,03/2008,04/2008,05/2008,06/2008,07/2008,08/2008,09/2008,10/2008,11/2008,12/2008,01/2009,02/2009,03/2009,04/2009,05/2009,06/2009,07/2009,08/2009,09/2009,10/2009,11/2009,12/2009,01/2010,02/2010,03/2010,04/2010,05/2010,06/2010,07/2010,08/2010,09/2010,10/2010,11/2010,12/2010,01/2011,02/2011,03/2011,04/2011,05/2011,06/2011,07/2011,08/2011,09/2011,10/2011,11/2011,12/2011,01/2012,02/2012,03/2012,04/2012,05/2012,06/2012,07/2012,08/2012,09/2012,10/2012,11/2012,12/2012,01/2013,02/2013,03/2013,04/2013,05/2013,06/2013,07/2013,08/2013,09/2013,10/2013,11/2013,12/2013,01/2014,02/2014,03/2014,04/2014,05/2014,06/2014,07/2014,08/2014,09/2014,10/2014,11/2014,12/2014,01/2015,02/2015,03/2015,04/2015,05/2015,06/2015,07/2015,08/2015,09/2015,10/2015,11/2015,12/2015,01/2016,02/2016,03/2016,04/2016,05/2016,06/2016,07/2016,08/2016,09/2016,10/2016,11/2016,12/2016,01/2017,02/2017,03/2017,04/2017,05/2017,06/2017,07/2017,08/2017,09/2017,10/2017,11/2017,12/2017,01/2018,02/2018,03/2018,04/2018,
SCERM44_2015_2016_ALL,,,,,,,,,,,,,,,,,,,,,,,,,,,,,,,,,,,,,,,,,,,,,,,,,,,,,,,,,,,,,,,,,,,,,,,,,,,,,,,,,,,,,,,,6.4348,7.2091,7.5981,7.4987,7.5428,6.9091,7.0816,6.8439,6.7254,6.4777,6.6093,6.5801,6.7378,,,,,,,,,,,,,,,,,,,,,,,,,
SCERM44_2015_2016_Capped_ALL,,,,,,,,,,,,,,,,,,,,,,,,,,,,,,,,,,,,,,,,,,,,,,,,,,,,,,,,,,,,,,,,,,,,,,,,,,,,,,,,,,,,,,,,6.4306,7.2091,7.5896,7.4617,7.5078,6.8606,7.0475,6.8182,6.7153,6.4724,6.6096,6.5916,6.7633,,,,,,,,,,,,,,,,,,,,,,,,,
SCERM44_2015_2016_Dry_ALL,,,,,,,,,,,,,,,,,,,,,,,,,,,,,,,,,,,,,,,,,,,,,,,,,,,,,,,,,,,,,,,,,,,,,,,,,,,,,,,,,,,,,,,,6.4206,7.1171,7.4695,7.7482,7.8379,7.1840,7.1300,6.8695,6.7407,6.4871,6.6249,6.6805,6.8236,,,,,,,,,,,,,,,,,,,,,,,,,
SCERM44_2015_2016_Target_ALL,,,,,,,,,,,,,,,,,,,,,,,,,,,,,,,,,,,,,,,,,,,,,,,,,,,,,,,,,,,,,,,,,,,,,,,,,,,,,,,,,,,,,,,,6.4348,7.2067,7.5829,7.4757,7.5236,6.8837,7.0634,6.8299,6.7192,6.4736,6.6053,6.5767,6.7342,,,,,,,,,,,,,,,,,,,,,,,,,
SCERM44_2017_2018_ALL,,,,,,,,,,,,,,,,,,,,,,,,,,,,,,,,,,,,,,,,,,,,,,,,,,,,,,,,,,,,,,,,,,,,,,,,,,,,,,,,,,,,,,,,,,,,,,,,,,,,,,,,,,,,,,,,5.9536,6.5036,7.1676,7.4712,7.4492,6.5895,6.7468,6.7410,6.6547,6.4047,6.3273,6.5551,6.6091,
SCERM44_2017_2018_Wet_ALL,,,,,,,,,,,,,,,,,,,,,,,,,,,,,,,,,,,,,,,,,,,,,,,,,,,,,,,,,,,,,,,,,,,,,,,,,,,,,,,,,,,,,,,,,,,,,,,,,,,,,,,,,,,,,,,,5.9048,6.4934,7.1275,7.4237,7.3485,6.5484,6.8064,6.7544,6.6334,6.3841,6.2949,6.5476,6.5760,
SCERM8_2015_2016_ALL,,,,,,,,,,,,,,,,,,,,,,,,,,,,,,,,,,,,,,,,,,,,,,,,,,,,,,,,,,,,,,,,,,,,,,,,,,,,,,,,,,,,,,,,6.4286,7.1153,7.3991,7.7086,7.7863,7.0146,7.1074,6.8512,6.7262,6.4687,6.5819,6.5727,6.7568,,,,,,,,,,,,,,,,,,,,,,,,,
SCERM8_2017_2018_ALL,,,,,,,,,,,,,,,,,,,,,,,,,,,,,,,,,,,,,,,,,,,,,,,,,,,,,,,,,,,,,,,,,,,,,,,,,,,,,,,,,,,,,,,,,,,,,,,,,,,,,,,,,,,,,,,,5.9544,6.4872,7.0617,7.5290,7.5529,6.6565,6.8790,6.7644,6.6484,6.3939,6.3492,6.5524,6.6129,




Zone12,Surface
Simulations,01/2008,02/2008,03/2008,04/2008,05/2008,06/2008,07/2008,08/2008,09/2008,10/2008,11/2008,12/2008,01/2009,02/2009,03/2009,04/2009,05/2009,06/2009,07/2009,08/2009,09/2009,10/2009,11/2009,12/2009,01/2010,02/2010,03/2010,04/2010,05/2010,06/2010,07/2010,08/2010,09/2010,10/2010,11/2010,12/2010,01/2011,02/2011,03/2011,04/2011,05/2011,06/2011,07/2011,08/2011,09/2011,10/2011,11/2011,12/2011,01/2012,02/2012,03/2012,04/2012,05/2012,06/2012,07/2012,08/2012,09/2012,10/2012,11/2012,12/2012,01/2013,02/2013,03/2013,04/2013,05/2013,06/2013,07/2013,08/2013,09/2013,10/2013,11/2013,12/2013,01/2014,02/2014,03/2014,04/2014,05/2014,06/2014,07/2014,08/2014,09/2014,10/2014,11/2014,12/2014,01/2015,02/2015,03/2015,04/2015,05/2015,06/2015,07/2015,08/2015,09/2015,10/2015,11/2015,12/2015,01/2016,02/2016,03/2016,04/2016,05/2016,06/2016,07/2016,08/2016,09/2016,10/2016,11/2016,12/2016,01/2017,02/2017,03/2017,04/2017,05/2017,06/2017,07/2017,08/2017,09/2017,10/2017,11/2017,12/2017,01/2018,02/2018,03/2018,04/2018,
SCERM44_2015_2016_ALL,,,,,,,,,,,,,,,,,,,,,,,,,,,,,,,,,,,,,,,,,,,,,,,,,,,,,,,,,,,,,,,,,,,,,,,,,,,,,,,,,,,,,,,,6.5446,7.1977,7.5070,7.6739,7.8469,7.6456,7.3996,6.9164,6.8598,6.4473,6.5202,6.3934,6.6095,,,,,,,,,,,,,,,,,,,,,,,,,
SCERM44_2015_2016_Capped_ALL,,,,,,,,,,,,,,,,,,,,,,,,,,,,,,,,,,,,,,,,,,,,,,,,,,,,,,,,,,,,,,,,,,,,,,,,,,,,,,,,,,,,,,,,6.5434,7.1910,7.4935,7.6351,7.8064,7.5787,7.3605,6.8938,6.8512,6.4409,6.5156,6.3863,6.5812,,,,,,,,,,,,,,,,,,,,,,,,,
SCERM44_2015_2016_Dry_ALL,,,,,,,,,,,,,,,,,,,,,,,,,,,,,,,,,,,,,,,,,,,,,,,,,,,,,,,,,,,,,,,,,,,,,,,,,,,,,,,,,,,,,,,,6.5209,7.1135,7.3079,7.5082,7.6588,7.4175,7.2950,6.8634,6.8148,6.4137,6.4971,6.3579,6.4716,,,,,,,,,,,,,,,,,,,,,,,,,
SCERM44_2015_2016_Target_ALL,,,,,,,,,,,,,,,,,,,,,,,,,,,,,,,,,,,,,,,,,,,,,,,,,,,,,,,,,,,,,,,,,,,,,,,,,,,,,,,,,,,,,,,,6.5446,7.1964,7.4989,7.6546,7.8272,7.6104,7.3790,6.9042,6.8558,6.4446,6.5179,6.3916,6.6074,,,,,,,,,,,,,,,,,,,,,,,,,
SCERM44_2017_2018_ALL,,,,,,,,,,,,,,,,,,,,,,,,,,,,,,,,,,,,,,,,,,,,,,,,,,,,,,,,,,,,,,,,,,,,,,,,,,,,,,,,,,,,,,,,,,,,,,,,,,,,,,,,,,,,,,,,6.6702,6.9285,7.5018,7.7153,8.0560,7.6687,7.5988,7.1620,6.8396,6.4607,6.4195,6.5863,6.7400,
SCERM44_2017_2018_Wet_ALL,,,,,,,,,,,,,,,,,,,,,,,,,,,,,,,,,,,,,,,,,,,,,,,,,,,,,,,,,,,,,,,,,,,,,,,,,,,,,,,,,,,,,,,,,,,,,,,,,,,,,,,,,,,,,,,,6.6298,6.9214,7.5169,7.7196,8.0962,7.5597,7.5469,7.0941,6.8069,6.4404,6.4509,6.5867,6.7165,
SCERM8_2015_2016_ALL,,,,,,,,,,,,,,,,,,,,,,,,,,,,,,,,,,,,,,,,,,,,,,,,,,,,,,,,,,,,,,,,,,,,,,,,,,,,,,,,,,,,,,,,6.5429,7.1301,7.2978,7.4765,7.7699,7.5306,7.3422,6.8697,6.8248,6.4121,6.4839,6.3354,6.4975,,,,,,,,,,,,,,,,,,,,,,,,,
SCERM8_2017_2018_ALL,,,,,,,,,,,,,,,,,,,,,,,,,,,,,,,,,,,,,,,,,,,,,,,,,,,,,,,,,,,,,,,,,,,,,,,,,,,,,,,,,,,,,,,,,,,,,,,,,,,,,,,,,,,,,,,,6.6660,6.8188,7.2247,7.6214,7.9953,7.6075,7.6565,7.1344,6.8340,6.4583,6.4047,6.5847,6.7553,


Zone12,Bottom
Simulations,01/2008,02/2008,03/2008,04/2008,05/2008,06/2008,07/2008,08/2008,09/2008,10/2008,11/2008,12/2008,01/2009,02/2009,03/2009,04/2009,05/2009,06/2009,07/2009,08/2009,09/2009,10/2009,11/2009,12/2009,01/2010,02/2010,03/2010,04/2010,05/2010,06/2010,07/2010,08/2010,09/2010,10/2010,11/2010,12/2010,01/2011,02/2011,03/2011,04/2011,05/2011,06/2011,07/2011,08/2011,09/2011,10/2011,11/2011,12/2011,01/2012,02/2012,03/2012,04/2012,05/2012,06/2012,07/2012,08/2012,09/2012,10/2012,11/2012,12/2012,01/2013,02/2013,03/2013,04/2013,05/2013,06/2013,07/2013,08/2013,09/2013,10/2013,11/2013,12/2013,01/2014,02/2014,03/2014,04/2014,05/2014,06/2014,07/2014,08/2014,09/2014,10/2014,11/2014,12/2014,01/2015,02/2015,03/2015,04/2015,05/2015,06/2015,07/2015,08/2015,09/2015,10/2015,11/2015,12/2015,01/2016,02/2016,03/2016,04/2016,05/2016,06/2016,07/2016,08/2016,09/2016,10/2016,11/2016,12/2016,01/2017,02/2017,03/2017,04/2017,05/2017,06/2017,07/2017,08/2017,09/2017,10/2017,11/2017,12/2017,01/2018,02/2018,03/2018,04/2018,
SCERM44_2015_2016_ALL,,,,,,,,,,,,,,,,,,,,,,,,,,,,,,,,,,,,,,,,,,,,,,,,,,,,,,,,,,,,,,,,,,,,,,,,,,,,,,,,,,,,,,,,6.5174,7.1678,7.4408,7.4674,7.4664,6.9636,7.0576,6.6563,6.7714,6.3203,6.4174,6.2435,6.4652,,,,,,,,,,,,,,,,,,,,,,,,,
SCERM44_2015_2016_Capped_ALL,,,,,,,,,,,,,,,,,,,,,,,,,,,,,,,,,,,,,,,,,,,,,,,,,,,,,,,,,,,,,,,,,,,,,,,,,,,,,,,,,,,,,,,,6.5179,7.1653,7.4422,7.4486,7.4491,6.9384,7.0412,6.6449,6.7665,6.3178,6.4170,6.2440,6.4527,,,,,,,,,,,,,,,,,,,,,,,,,
SCERM44_2015_2016_Dry_ALL,,,,,,,,,,,,,,,,,,,,,,,,,,,,,,,,,,,,,,,,,,,,,,,,,,,,,,,,,,,,,,,,,,,,,,,,,,,,,,,,,,,,,,,,6.5025,7.1031,7.3148,7.4943,7.5118,7.0279,7.0584,6.6602,6.7534,6.3154,6.4202,6.2499,6.4151,,,,,,,,,,,,,,,,,,,,,,,,,
SCERM44_2015_2016_Target_ALL,,,,,,,,,,,,,,,,,,,,,,,,,,,,,,,,,,,,,,,,,,,,,,,,,,,,,,,,,,,,,,,,,,,,,,,,,,,,,,,,,,,,,,,,6.5175,7.1667,7.4343,7.4563,7.4571,6.9501,7.0487,6.6498,6.7688,6.3185,6.4157,6.2421,6.4635,,,,,,,,,,,,,,,,,,,,,,,,,
SCERM44_2017_2018_ALL,,,,,,,,,,,,,,,,,,,,,,,,,,,,,,,,,,,,,,,,,,,,,,,,,,,,,,,,,,,,,,,,,,,,,,,,,,,,,,,,,,,,,,,,,,,,,,,,,,,,,,,,,,,,,,,,6.5406,6.6202,7.2989,7.5886,7.5020,7.1656,7.2946,6.9396,6.7395,6.3717,6.2011,6.4692,6.7015,
SCERM44_2017_2018_Wet_ALL,,,,,,,,,,,,,,,,,,,,,,,,,,,,,,,,,,,,,,,,,,,,,,,,,,,,,,,,,,,,,,,,,,,,,,,,,,,,,,,,,,,,,,,,,,,,,,,,,,,,,,,,,,,,,,,,6.5209,6.6134,7.2881,7.5774,7.4669,7.1484,7.2972,6.9233,6.7216,6.3583,6.1997,6.4627,6.6849,
SCERM8_2015_2016_ALL,,,,,,,,,,,,,,,,,,,,,,,,,,,,,,,,,,,,,,,,,,,,,,,,,,,,,,,,,,,,,,,,,,,,,,,,,,,,,,,,,,,,,,,,6.5183,7.1182,7.2973,7.4676,7.5372,6.9976,7.0598,6.6532,6.7578,6.3106,6.4048,6.2201,6.4047,,,,,,,,,,,,,,,,,,,,,,,,,
SCERM8_2017_2018_ALL,,,,,,,,,,,,,,,,,,,,,,,,,,,,,,,,,,,,,,,,,,,,,,,,,,,,,,,,,,,,,,,,,,,,,,,,,,,,,,,,,,,,,,,,,,,,,,,,,,,,,,,,,,,,,,,,6.5395,6.5803,7.1860,7.5628,7.5311,7.1716,7.3372,6.9363,6.7354,6.3678,6.2022,6.4676,6.7102,




